 0 
 0 
 0 
 0 
 0 
 0 
 0 
 0 
 0 
 0 
 0 
 0 
 0 
 0 
 0 
 0 
 0 
 0 
 0 
 0 
 0 
 0 
 0 
 0 
 0 
 0 
 0 
 0 
 0 
 0 
 0 
 0 
 0 
 0 
 0 
 0 
 0 
 0 
 0 
 0 
 0 
 0 
 0 
 0 
 0 
 0 
 0 
 0 
 0 
 0 
 0 
 0 
 0 
 0 
 0 
 14017 
 0 
 0 
 0 
 1167 
 0 
 605 
 0 
 0 
 665 
 0 
 623 
 0 
 418 
 297 
 199 
 312 
 261 
 277 
 159 
 359 
 201 
 190 
 391 
 172 
 343 
 159 
 344 
 177 
 286 
 284 
 258 
 238 
 341 
 256 
 121 
 307 
 242 
 255 
 259 
 254 
 271 
 319 
 132 
 318 
 195 
 227 
 235 
 327 
 316 
 0 
 409 
 424 
 0 
 415 
 0 
 413 
 421 
 0 
 423 
 392 
 0 
 311 
 355 
 308 
 270 
 0 
 310 
 273 
 267 
 465 
 221 
 240 
 206 
 379 
 198 
 205 
 219 
 222 
 431 
 232 
 232 
 216 
 361 
 176 
 207 
 192 
 445 
 225 
 223 
 233 
 241 
 214 
 262 
 264 
 305 
 334 
 0 
 311 
 351 
 324 
 0 
 335 
 345 
 338 
 0 
 340 
 371 
 0 
 407 
 429 
 0 
 572 
 0 
 0 
 714 
 0 
 0 
 814 
 0 
 0 
 0 
 869 
 0 
 0 
 850 
 0 
 0 
 821 
 0 
 0 
 777 
 0 
 0 
 0 
 832 
 0 
 0 
 891 
 0 
 0 
 0 
 906 
 0 
 0 
 904 
 0 
 0 
 808 
 0 
 0 
 793 
 0 
 0 
 662 
 0 
 605 
 0 
 0 
 605 
 0 
 519 
 0 
 508 
 457 
 0 
 398 
 0 
 425 
 405 
 0 
 367 
 325 
 310 
 251 
 281 
 264 
 225 
 174 
 434 
 195 
 190 
 328 
 330 
 276 
 145 
 353 
 210 
 269 
 249 
 313 
 198 
 297 
 248 
 263 
 278 
 234 
 275 
 0 
 521 
 131 
