 111 
 218 
 265 
 216 
 336 
 218 
 253 
 187 
 208 
 421 
 211 
 213 
 249 
 244 
 144 
 372 
 308 
 0 
 557 
 207 
 250 
 294 
 239 
 183 
 223 
 414 
 196 
 279 
 235 
 179 
 361 
 157 
 370 
 162 
 282 
 278 
 275 
 289 
 245 
 238 
 240 
 280 
 226 
 341 
 168 
 336 
 246 
 264 
 259 
 261 
 134 
 327 
 243 
 277 
 165 
 316 
 152 
 420 
 207 
 158 
 223 
 467 
 215 
 240 
 322 
 131 
 233 
 265 
 238 
 233 
 267 
 339 
 311 
 232 
 277 
 0 
 355 
 363 
 346 
 0 
 412 
 0 
 0 
 667 
 0 
 566 
 0 
 482 
 0 
 585 
 0 
 0 
 727 
 0 
 579 
 0 
 598 
 0 
 0 
 778 
 0 
 0 
 0 
 928 
 0 
 0 
 0 
 1004 
 0 
 0 
 669 
 0 
 0 
 992 
 0 
 0 
 0 
 0 
 1129 
 0 
 0 
 0 
 1086 
 0 
 0 
 0 
 0 
 1171 
 0 
 0 
 0 
 1253 
 0 
 0 
 0 
 850 
 0 
 0 
 857 
 0 
 0 
 812 
 0 
 0 
 0 
 0 
 0 
 1422 
 0 
 0 
 0 
 0 
 1440 
 0 
 0 
 0 
 0 
 1170 
 0 
 0 
 0 
 0 
 1186 
 0 
 0 
 0 
 0 
 1282 
 0 
 0 
 0 
 0 
 1348 
 0 
 0 
 0 
 0 
 1271 
 0 
 0 
 888 
 0 
 0 
 0 
 0 
 1150 
 0 
 0 
 0 
 1103 
 0 
 0 
 0 
 1026 
 0 
 0 
 0 
 913 
 0 
 0 
 858 
 0 
 581 
 0 
 0 
 707 
 0 
 429 
 0 
 0 
 780 
 0 
 699 
 0 
 554 
 0 
 0 
 549 
 0 
 606 
 0 
 604 
 0 
 556 
 0 
 382 
 0 
 468 
 436 
 0 
 368 
 311 
 333 
 223 
 184 
 388 
 229 
 179 
 186 
 386 
 286 
 172 
 307 
 257 
 257 
 269 
 230 
 309 
 214 
 307 
 235 
 205 
 259 
 311 
 281 
 133 
