 0 
 2 
 1 
 2 
 1 
 1 
 2 
 8 
 20 
 74 
 76 
 142 
 141 
 124 
 107 
 109 
 90 
 74 
 55 
 117 
 127 
 91 
 116 
 137 
 187 
 208 
 182 
 239 
 211 
 213 
 249 
 244 
 144 
 237 
 135 
 308 
 339 
 218 
 207 
 250 
 294 
 239 
 183 
 223 
 206 
 208 
 196 
 202 
 77 
 144 
 91 
 179 
 203 
 158 
 157 
 196 
 174 
 162 
 133 
 149 
 156 
 122 
 116 
 159 
 127 
 162 
 103 
 142 
 144 
 94 
 114 
 126 
 141 
 139 
 109 
 117 
 118 
 108 
 115 
 123 
 45 
 110 
 62 
 164 
 135 
 111 
 108 
 156 
 128 
 131 
 119 
 142 
 134 
 181 
 146 
 142 
 101 
 173 
 104 
 165 
 173 
 143 
 152 
 206 
 214 
 207 
 158 
 223 
 245 
 222 
 215 
 240 
 130 
 192 
 131 
 233 
 265 
 238 
 233 
 267 
 339 
 311 
 232 
 277 
 355 
 363 
 346 
 412 
 667 
 566 
 482 
 585 
 727 
 579 
 598 
 778 
 928 
 1004 
 669 
 992 
 1129 
 1086 
 1171 
 1253 
 850 
 857 
 812 
 1422 
 1440 
 1170 
 1186 
 1282 
 1348 
 1271 
 888 
 1150 
 1103 
 1026 
 913 
 858 
 581 
 707 
 429 
 780 
 699 
 554 
 549 
 606 
 604 
 556 
 382 
 468 
 436 
 368 
 311 
 333 
 223 
 184 
 162 
 226 
 229 
 179 
 186 
 180 
 206 
 168 
 118 
 172 
 166 
 141 
 124 
 133 
 129 
 128 
 59 
 116 
 94 
 66 
 80 
 84 
 104 
 79 
 42 
 84 
 78 
 74 
 62 
 71 
 38 
 53 
 55 
 90 
 81 
 71 
 83 
 110 
 95 
 107 
 72 
 80 
 83 
 95 
 74 
 59 
 48 
 50 
 31 
 46 
 45 
 28 
 33 
 17 
 19 
 17 
 17 
 7 
 10 
 7 
 5 
 4 
 3 
 3 
 3 
 5 
 3 
 1 
 1 
 2 
 4 
 2 
 2 
 0 
 0 
 0 
 0 
 1 
