 112 
 216 
 286 
 170 
 206 
 244 
 266 
 345 
 0 
 406 
 0 
 450 
 457 
 0 
 505 
 0 
 521 
 0 
 501 
 0 
 512 
 0 
 520 
 0 
 511 
 0 
 494 
 0 
 444 
 0 
 459 
 411 
 0 
 443 
 387 
 0 
 340 
 309 
 314 
 256 
 217 
 234 
 236 
 215 
 390 
 208 
 196 
 422 
 192 
 188 
 194 
 451 
 213 
 240 
 214 
 215 
 241 
 212 
 453 
 260 
 263 
 0 
 298 
 254 
 269 
 280 
 277 
 302 
 315 
 325 
 0 
 364 
 369 
 0 
 439 
 0 
 433 
 0 
 538 
 0 
 465 
 0 
 487 
 486 
 0 
 453 
 0 
 467 
 0 
 431 
 445 
 0 
 396 
 363 
 0 
 381 
 340 
 0 
 356 
 310 
 350 
 0 
 360 
 313 
 340 
 347 
 0 
 376 
 377 
 0 
 403 
 392 
 0 
 513 
 0 
 443 
 0 
 473 
 0 
 520 
 0 
 557 
 0 
 547 
 0 
 0 
 573 
 0 
 590 
 0 
 608 
 0 
 0 
 609 
 0 
 552 
 0 
 555 
 0 
 520 
 0 
 512 
 0 
 474 
 0 
 470 
 454 
 0 
 510 
 0 
 0 
 586 
 0 
 584 
 0 
 595 
 0 
 0 
 595 
 0 
 624 
 0 
 597 
 0 
 0 
 607 
 0 
 549 
 0 
 542 
 0 
 566 
 0 
 539 
 0 
 553 
 0 
 0 
 576 
 0 
 635 
 0 
 0 
 697 
 0 
 703 
 0 
 0 
 641 
 0 
 0 
 700 
 0 
 615 
 0 
 530 
 0 
 553 
 0 
 477 
 0 
 472 
 0 
 446 
 384 
 0 
 407 
 347 
 296 
 0 
 319 
 296 
 248 
 306 
 339 
 0 
 347 
 330 
 287 
 297 
 307 
 246 
 256 
 237 
 210 
 196 
 366 
 320 
 157 
 317 
 174 
 404 
 213 
 233 
 226 
 243 
 241 
 214 
 427 
 210 
 220 
 208 
 204 
 236 
 242 
 247 
 276 
 260 
 269 
 454 
 241 
 213 
 289 
 205 
 329 
 141 
