 0 
 0 
 0 
 0 
 0 
 0 
 0 
 0 
 0 
 0 
 0 
 0 
 0 
 0 
 0 
 0 
 0 
 0 
 0 
 0 
 0 
 0 
 0 
 0 
 0 
 1 
 6 
 8 
 8 
 19 
 30 
 40 
 55 
 75 
 86 
 129 
 157 
 170 
 206 
 244 
 266 
 345 
 406 
 450 
 457 
 505 
 521 
 501 
 512 
 520 
 511 
 494 
 444 
 459 
 411 
 443 
 387 
 340 
 309 
 314 
 256 
 217 
 234 
 236 
 215 
 207 
 183 
 208 
 196 
 196 
 226 
 192 
 188 
 194 
 223 
 228 
 213 
 240 
 214 
 215 
 241 
 212 
 227 
 226 
 260 
 263 
 298 
 254 
 269 
 280 
 277 
 302 
 315 
 325 
 364 
 369 
 439 
 433 
 538 
 465 
 487 
 486 
 453 
 467 
 431 
 445 
 396 
 363 
 381 
 340 
 356 
 310 
 350 
 360 
 313 
 340 
 347 
 376 
 377 
 403 
 392 
 513 
 443 
 473 
 520 
 557 
 547 
 573 
 590 
 608 
 609 
 552 
 555 
 520 
 512 
 474 
 470 
 454 
 510 
 586 
 584 
 595 
 595 
 624 
 597 
 607 
 549 
 542 
 566 
 539 
 553 
 576 
 635 
 697 
 703 
 641 
 700 
 615 
 530 
 553 
 477 
 472 
 446 
 384 
 407 
 347 
 296 
 319 
 296 
 248 
 306 
 339 
 347 
 330 
 287 
 297 
 307 
 246 
 256 
 237 
 210 
 196 
 204 
 162 
 157 
 163 
 157 
 168 
 149 
 174 
 217 
 187 
 213 
 233 
 226 
 243 
 241 
 214 
 209 
 218 
 210 
 220 
 208 
 204 
 236 
 242 
 247 
 276 
 260 
 269 
 238 
 216 
 241 
 213 
 165 
 124 
 107 
 98 
 94 
 70 
 56 
 62 
 47 
 36 
 26 
 21 
 14 
 20 
 6 
 9 
 3 
 1 
 2 
 1 
 1 
 0 
 0 
 0 
 0 
 0 
 0 
 1 
 0 
 0 
 0 
 0 
 0 
 0 
 0 
 0 
 0 
 0 
 0 
 0 
 0 
 0 
