 87 
 230 
 271 
 178 
 213 
 266 
 257 
 313 
 363 
 0 
 400 
 0 
 413 
 374 
 0 
 378 
 390 
 0 
 371 
 360 
 363 
 0 
 365 
 310 
 337 
 286 
 277 
 0 
 288 
 257 
 307 
 271 
 256 
 310 
 323 
 281 
 0 
 287 
 314 
 290 
 301 
 315 
 295 
 0 
 316 
 391 
 0 
 374 
 385 
 0 
 388 
 438 
 0 
 443 
 0 
 486 
 0 
 477 
 0 
 488 
 0 
 483 
 0 
 498 
 512 
 0 
 505 
 0 
 0 
 532 
 473 
 0 
 467 
 0 
 508 
 0 
 505 
 0 
 500 
 0 
 537 
 0 
 547 
 0 
 0 
 599 
 0 
 500 
 0 
 572 
 0 
 553 
 0 
 542 
 0 
 570 
 0 
 0 
 613 
 0 
 560 
 0 
 598 
 0 
 591 
 0 
 0 
 628 
 0 
 599 
 0 
 0 
 657 
 0 
 675 
 0 
 0 
 663 
 0 
 0 
 708 
 0 
 0 
 765 
 0 
 693 
 0 
 0 
 755 
 0 
 0 
 791 
 0 
 0 
 723 
 0 
 0 
 749 
 0 
 0 
 770 
 0 
 0 
 811 
 0 
 0 
 717 
 0 
 0 
 671 
 0 
 692 
 0 
 0 
 665 
 0 
 0 
 658 
 0 
 692 
 0 
 0 
 709 
 0 
 623 
 0 
 0 
 636 
 0 
 640 
 0 
 0 
 604 
 0 
 500 
 0 
 517 
 439 
 0 
 444 
 0 
 398 
 376 
 343 
 0 
 287 
 294 
 231 
 268 
 411 
 206 
 360 
 164 
 334 
 139 
 258 
 386 
 160 
 250 
 308 
 160 
 393 
 249 
 279 
 0 
 310 
 340 
 0 
 385 
 473 
 0 
 540 
 0 
 0 
 573 
 0 
 605 
 0 
 0 
 669 
 0 
 617 
 0 
 602 
 0 
 0 
 561 
 0 
 509 
 457 
 0 
 365 
 346 
 340 
 0 
 284 
 271 
 491 
 231 
 221 
 253 
 258 
 237 
 233 
 208 
 209 
 417 
 163 
 364 
 278 
 240 
 247 
 273 
 268 
 270 
 132 
