 0 
 0 
 0 
 0 
 0 
 0 
 0 
 0 
 0 
 0 
 0 
 0 
 0 
 0 
 0 
 0 
 0 
 0 
 0 
 0 
 0 
 0 
 0 
 0 
 0 
 0 
 0 
 0 
 0 
 0 
 0 
 0 
 0 
 1 
 3 
 2 
 7 
 9 
 21 
 44 
 58 
 83 
 89 
 126 
 145 
 178 
 213 
 266 
 257 
 313 
 363 
 400 
 413 
 374 
 378 
 390 
 371 
 360 
 363 
 365 
 310 
 337 
 286 
 277 
 288 
 257 
 307 
 271 
 256 
 310 
 323 
 281 
 287 
 314 
 290 
 301 
 315 
 295 
 316 
 391 
 374 
 385 
 388 
 438 
 443 
 486 
 477 
 488 
 483 
 498 
 512 
 505 
 532 
 473 
 467 
 508 
 505 
 500 
 537 
 547 
 599 
 500 
 572 
 553 
 542 
 570 
 613 
 560 
 598 
 591 
 628 
 599 
 657 
 675 
 663 
 708 
 765 
 693 
 755 
 791 
 723 
 749 
 770 
 811 
 717 
 671 
 692 
 665 
 658 
 692 
 709 
 623 
 636 
 640 
 604 
 500 
 517 
 439 
 444 
 398 
 376 
 343 
 287 
 294 
 231 
 268 
 226 
 185 
 206 
 192 
 168 
 164 
 170 
 164 
 139 
 139 
 119 
 138 
 129 
 119 
 160 
 129 
 121 
 155 
 153 
 160 
 169 
 224 
 249 
 279 
 310 
 340 
 385 
 473 
 540 
 573 
 605 
 669 
 617 
 602 
 561 
 509 
 457 
 365 
 346 
 340 
 284 
 271 
 248 
 243 
 231 
 221 
 253 
 258 
 237 
 233 
 208 
 209 
 216 
 201 
 163 
 155 
 106 
 103 
 92 
 97 
 89 
 86 
 84 
 70 
 87 
 58 
 44 
 58 
 52 
 56 
 39 
 45 
 42 
 39 
 34 
 32 
 26 
 25 
 27 
 29 
 17 
 26 
 23 
 14 
 15 
 17 
 11 
 29 
 16 
 21 
 18 
 14 
 14 
 9 
 23 
 14 
 20 
 19 
 23 
 22 
 19 
 24 
 11 
 25 
 34 
 13 
 6 
 0 
 0 
 0 
