20209
28115
12676
23856
6756
10749
4007
4611
10426
14633
12795
5969
13470
13877
6392
8903
6343
13728
2958
13385
12988
2170
6220
24107
31135
24941
6958
1014
28192
22981
26942
7152
17895
6418
31008
16602
9118
1814
21212
19543
8398
806
17464
21867
14683
23855
22721
12977
4382
25678
18313
9321
19799
24532
25379
9685
16272
32336
10698
11264
22116
4439
18415
31962
10856
8174
15363
11926
1939
28526
23420
10336
21283
7683
24154
27917
31537
13674
7693
27870
31303
26006
3990
17901
9289
29368
27585
17513
20455
30234
20728
1322
1473
31094
25235
4280
6068
32549
16205
8006
27874
6425
18342
15957
6059
1247
2625
4396
14921
10318
24217
13023
28275
28207
22876
29515
16326
17260
13827
3581
14294
1354
30054
7718
24400
22089
3949
30467
21437
12106
5272
8063
18530
15565
15971
16540
16812
18595
12887
23684
28912
3904
28658
15938
24062
18333
12253
7187
27545
26079
2719
590
19385
32773
8307
10584
13613
12255
33002
27001
24360
30225
1863
1641
12590
17833
18181
21353
3228
31067
3788
24091
26922
32445
6829
17783
9530
19081
24970
3874
3911
19640
4463
15247
11164
4721
25830
24776
16975
25631
18577
87
22656
20439
26879
27197
30224
3811
7301
251
26830
11088
24341
20551
2284
23121
5134
3765
9001
22055
7638
4864
8494
4052
20110
19658
8772
4692
3185
17699
30322
13713
17785
11729
26104
3415
30877
23127
7226
4977
15329
855
8016
6469
21405
2252
21542
18490
6016
30542
7344
5606
27357
7790
9657
14267
19399
10381
18958
22583
28079
8031
28248
4615
11712
21151
8029
9388
3029
7206
6317
18357
12
6284
16777
21417
487
5118
31858
31655
27612
6002
29212
21768
5743
5668
27986
25141
8000
13743
6475
28030
13726
1522
32644
25437
14624
32625
26776
17652
31782
25044
27960
31794
23280
11537
11962
23766
8606
10619
14172
28169
8572
10183
16737
14314
7803
11522
6254
15802
17217
4681
10632
22894
6202
2027
7082
12778
26603
25809
30429
25185
17653
17141
15730
7732
20629
27691
23449
29234
5109
4421
24203
5633
14603
32891
19946
14357
3164
18152
30159
12332
22832
32742
2025
20985
26720
1058
562
20123
26867
22943
4059
3271
6883
19788
2954
27511
14278
26402
15496
11338
22774
31650
16970
29329
31340
28868
10485
26456
13819
7443
5587
3450
32136
32764
16386
25656
25773
16948
12578
19439
31842
8588
22709
5524
28375
25662
24986
1404
10816
7281
4693
389
30883
21663
29717
20974
17330
32154
14229
23100
6396
11768
18501
30484
3283
1686
22939
29055
10585
27468
15294
9226
2855
29954
6701
23181
14368
31686
24584
25183
30919
21228
17523
28601
1642
5992
16374
18971
4945
22555
822
3292
26274
19322
575
29556
12960
15465
25410
23544
9732
32655
24722
4538
29409
31422
27718
2528
21860
11053
19662
19578
32281
3984
6930
722
1927
15255
11645
32023
4609
12466
2115
30882
23740
27841
19189
28651
2058
11399
18994
11789
10853
2467
8279
32213
689
2796
26692
22548
5801
13153
877
4881
9089
7806
30754
11015
23060
9198
1790
19621
13616
3904
9254
29307
23696
28443
24757
25753
31793
2502
29494
1397
4969
4572
410
30809
32519
19053
20156
5119
32206
21032
9999
8094
20789
32705
11060
2600
8702
12849
22220
14269
8704
23426
10375
24352
18668
27083
16904
9212
29585
5149
10608
26505
1672
2969
24113
991
22022
11068
6109
21027
24051
8060
21072
11639
7564
24083
14238
8217
28884
28410
14438
4387
18635
16764
28738
29254
10647
4394
5265
32183
1494
7824
25487
3166
10793
16399
29308
32814
27466
2216
12592
10268
2227
25615
13858
1742
16497
20047
1911
12180
15256
16348
8519
25842
33111
29208
13847
10557
25553
11063
9539
27047
18887
26977
22164
29679
10175
18271
21244
29592
12438
25787
6659
6617
18201
12468
310
26649
32515
2220
5629
6522
18567
6099
32364
10430
2106
13010
12938
19611
16025
14429
5409
1711
8205
27572
23341
18380
4594
3336
14771
8983
29122
13382
7551
6074
25849
7861
32722
25163
10080
30302
23637
20599
3200
22800
31028
30458
27761
2717
16868
10585
17145
22276
4247
25350
8599
19539
2481
5144
22874
9203
14126
10747
22584
21677
16820
7185
29537
8294
24299
31568
5395
14735
18966
547
29486
8745
22956
24047
11462
6623
26583
28606
20850
22782
12707
21400
9120
7139
26543
31994
16342
32620
1492
30877
21096
18312
4861
9384
18557
21112
32904
23951
2646
10621
16449
24084
19366
6204
14930
22779
4778
264
10136
17579
23045
22843
5778
24117
29981
24272
14862
5074
23692
16353
2751
3539
1464
32763
4875
11972
20674
29730
2723
15272
7150
11123
6155
26515
9279
13036
16093
6008
5251
26229
23587
20248
7823
21316
11164
29755
4340
26025
1629
28031
9177
29531
23521
2593
29093
20347
14564
8519
16876
9238
15742
24026
20361
21896
9292
21591
26883
17337
27598
32133
10365
17984
19180
10139
31252
30343
31845
2391
15119
25425
22373
24296
21755
4645
18840
9600
24992
203
10070
8667
1393
25811
24644
21753
6458
736
2095
140
18072
29692
32272
20388
6428
10204
22478
4479
32498
21122
32021
14417
13347
21193
30664
1901
25837
16303
3452
17628
16505
13521
18247
17897
6131
1642
31601
4540
2377
25647
4679
12400
22139
28903
32787
20518
5906
14016
24996
5203
1938
23816
19619
15284
3760
17082
9136
29596
184
4540
5976
8641
18060
16174
18489
16143
17815
8842
20682
12144
1288
17313
24543
15378
13015
16082
2695
18920
30097
19642
24122
32034
2209
2493
6069
5968
11526
15205
27516
3662
19744
291
4254
29755
8416
22742
4649
26230
23535
17283
5173
16775
1395
21668
24104
14409
4549
26799
128
1445
5192
16201
25431
7401
10645
31499
13368
22171
5455
32835
25832
17150
25077
30085
5657
292
11578
10305
18474
1913
27587
15598
10639
28981
4065
1542
2141
565
20292
2268
27162
25484
10421
19392
32884
21065
9642
5003
10035
7049
4638
2666
24198
21666
24702
29854
21958
3080
32111
32383
30144
18449
14780
7582
14230
10797
9123
8322
11361
29415
10590
5322
13650
12962
16665
5285
826
26307
10287
2813
155
6876
30630
16304
28542
22132
4910
9251
25211
3820
8433
22154
14220
23212
21687
20401
808
22761
28723
4121
