20209
28115
12676
23856
6756
10749
4007
4611
10426
14633
12795
5969
13470
13877
6392
8903
6343
13728
2958
13385
12988
2170
6220
24107
31135
24941
6958
1014
28192
22981
26942
7152
17895
6418
31008
16602
9118
1814
21212
19543
8398
806
17464
21867
14683
23855
22721
12977
4382
25678
18313
9321
19799
24532
25379
9685
16272
32336
10698
11264
22116
4439
18415
31962
10856
8174
15363
11926
1939
28526
23420
10336
21283
7683
24154
27917
31537
13674
7693
27870
31303
26006
3990
17901
9289
29368
27585
17513
20455
30234
20728
1322
1473
31094
25235
4280
6068
32549
16205
8006
27874
6425
18342
15957
6059
1247
2625
4396
14921
10318
24217
13023
28275
28207
22876
29515
16326
17260
13827
3581
14294
1354
30054
7718
24400
22089
3949
30467
21437
12106
5272
8063
18530
15565
15971
16540
16812
18595
12887
23684
28912
3904
28658
15938
24062
18333
12253
7187
27545
26079
2719
590
19385
32773
8307
10584
13613
12255
33002
27001
24360
30225
1863
1641
12590
17833
18181
21353
3228
31067
3788
24091
26922
32445
6829
17783
9530
19081
24970
3874
3911
19640
4463
15247
11164
4721
25830
24776
16975
25631
18577
87
22656
20439
26879
27197
30224
3811
7301
251
26830
11088
24341
20551
2284
23121
5134
3765
9001
22055
7638
4864
8494
4052
20110
19658
8772
4692
3185
17699
30322
13713
17785
11729
26104
3415
30877
23127
7226
4977
15329
855
8016
6469
21405
2252
21542
18490
6016
30542
7344
5606
27357
7790
9657
14267
19399
10381
18958
22583
28079
8031
28248
4615
11712
21151
8029
9388
3029
7206
6317
18357
12
6284
16777
21417
487
5118
31858
31655
27612
6002
29212
21768
5743
5668
27986
25141
8000
13743
6475
28030
13726
1522
32644
25437
14624
32625
26776
17652
31782
25044
27960
31794
23280
11537
11962
23766
8606
10619
14172
28169
8572
10183
16737
14314
7803
11522
6254
15802
17217
4681
10632
22894
6202
2027
7082
12778
26603
25809
30429
25185
17653
17141
15730
7732
20629
27691
23449
29234
5109
4421
24203
5633
14603
32891
19946
14357
3164
18152
30159
12332
22832
32742
2025
20985
26720
1058
562
20123
26867
22943
4059
3271
6883
19788
2954
27511
14278
26402
15496
11338
22774
31650
16970
29329
31340
28868
10485
26456
13819
7443
5587
3450
32136
32764
16386
25656
25773
16948
12578
19439
31842
8588
22709
5524
28375
25662
24986
1404
10816
7281
4693
389
30883
21663
29717
20974
17330
32154
14229
23100
6396
11768
18501
30484
3283
1686
22939
29055
10585
27468
15294
9226
2855
29954
6701
23181
14368
31686
24584
25183
30919
21228
17523
28601
1642
5992
16374
18971
4945
22555
822
3292
26274
19322
575
29556
12960
15465
25410
23544
9732
32655
24722
4538
29409
31422
27718
2528
21860
11053
19662
19578
32281
3984
6930
722
1927
15255
11645
32023
4609
12466
2115
30882
23740
27841
19189
28651
2058
11399
18994
11789
10853
2467
8279
32213
689
2796
26692
22548
5801
13153
877
4881
9089
7806
30754
11015
23060
9198
1790
19621
13616
3904
9254
29307
23696
28443
24757
25753
31793
2502
29494
1397
4969
4572
410
30809
32519
19053
20156
5119
32206
21032
9999
8094
20789
32705
11060
2600
8702
12849
22220
14269
8704
23426
10375
24352
18668
27083
16904
9212
29585
5149
10608
26505
1672
2969
24113
991
22022
11068
6109
21027
24051
8060
21072
11639
7564
24083
14238
8217
28884
28410
14438
4387
18635
16764
28738
29254
10647
4394
5265
32183
1494
7824
25487
3166
10793
16399
29308
32814
27466
2216
12592
10268
2227
25615
13858
1742
16497
20047
1911
12180
15256
16348
8519
25842
33111
29208
13847
10557
25553
11063
9539
27047
18887
26977
22164
29679
10175
18271
21244
29592
12438
25787
6659
6617
18201
12468
310
26649
32515
2220
5629
6522
18567
6099
32364
10430
2106
13010
12938
19611
16025
14429
5409
1711
8205
27572
23341
18380
4594
3336
14771
8983
29122
13382
7551
6074
25849
7861
32722
25163
10080
30302
23637
20599
3200
22800
31028
30458
27761
2717
16868
10585
17145
22276
4247
25350
8599
19539
2481
5144
22874
9203
14126
10747
22584
21677
16820
7185
29537
8294
24299
31568
5395
14735
18966
547
29486
8745
22956
24047
11462
6623
26583
28606
20850
22782
12707
21400
9120
7139
26543
31994
16342
32620
1492
30877
21096
18312
4861
9384
18557
21112
32904
23951
2646
10621
16449
24084
19366
6204
14930
22779
4778
264
10136
17579
23045
22843
5778
24117
29981
24272
14862
5074
23692
16353
2751
3539
1464
32763
4875
11972
20674
29730
2723
15272
7150
11123
6155
26515
9279
13036
16093
6008
5251
26229
23587
20248
7823
21316
11164
29755
4340
26025
1629
28031
9177
29531
23521
2593
29093
20347
14564
8519
16876
9238
15742
24026
20361
21896
9292
21591
26883
17337
27598
32133
10365
17984
19180
10139
31252
30343
31845
2391
15119
25425
22373
24296
21755
4645
18840
9600
24992
203
10070
8667
1393
25811
24644
21753
6458
736
2095
140
18072
29692
32272
20388
6428
10204
22478
4479
32498
21122
32021
14417
13347
21193
30664
1901
25837
16303
3452
17628
16505
13521
18247
17897
6131
1642
31601
4540
2377
25647
4679
12400
22139
28903
32787
20518
5906
14016
24996
5203
1938
23816
19619
15284
3760
17082
9136
29596
184
4540
5976
8641
18060
16174
18489
16143
17815
8842
20682
12144
1288
17313
24543
15378
13015
16082
2695
18920
30097
19642
24122
32034
2209
2493
6069
5968
11526
15205
27516
3662
19744
291
4254
29755
8416
22742
4649
26230
23535
17283
5173
16775
1395
21668
24104
14409
4549
26799
128
1445
5192
16201
25431
7401
10645
31499
13368
22171
5455
32835
25832
17150
25077
30085
5657
292
11578
10305
18474
1913
27587
15598
10639
28981
4065
1542
2141
565
20292
2268
27162
25484
10421
19392
32884
21065
9642
5003
10035
7049
4638
2666
24198
21666
24702
29854
21958
3080
32111
32383
30144
18449
14780
7582
14230
10797
9123
8322
11361
29415
10590
5322
13650
12962
16665
5285
826
26307
10287
2813
155
6876
30630
16304
28542
22132
4910
9251
25211
3820
8433
22154
14220
23212
21687
20401
808
22761
28723
4121
10927
31264
9442
24576
11025
26107
29860
3802
11165
32099
6614
11319
5774
4044
19574
26267
18127
24483
2317
2089
20254
10749
16194
1274
25913
4680
21674
26720
27440
17196
30840
5167
15259
32234
21694
26283
17092
18354
22037
28256
9204
28650
6374
14977
24645
25947
33196
1523
9182
2312
3611
29435
5013
19804
30708
30925
16435
11134
16396
2627
28329
5988
32945
2340
5021
21438
20574
22112
31743
9410
17167
7746
30012
15492
14675
21456
190
14670
22979
1323
16981
18541
30758
21993
5145
20217
11669
13531
31350
28065
16157
18431
852
15901
20770
31024
29291
95
11887
27833
9505
21005
27531
6316
28448
9005
19723
28637
15626
9501
29960
32606
19994
19469
13351
25138
31637
16971
30620
29787
11835
13577
6969
4638
21429
19690
27613
17519
19784
6299
4104
29288
19255
31634
27555
14502
32590
14078
1891
15015
15530
31850
6372
2323
10070
19722
19412
8506
28645
16832
30244
7279
30408
4012
3869
18636
23701
23433
28107
2237
29732
32210
31524
15786
30643
25879
22240
21984
6756
24130
3798
14237
14731
10169
16560
24800
21843
2771
25257
17287
19602
22301
16517
16809
18264
12337
27397
8765
2570
14255
11001
32301
13264
1276
6838
2658
19106
21029
24641
17813
11958
20390
32050
26688
30558
15409
10239
19200
18179
2296
28438
4581
24596
11755
13341
9659
24091
32689
10375
26660
13743
13327
17712
18958
14603
16502
21615
508
4330
5007
10273
16288
25396
9122
1727
22754
24530
11966
705
1460
14261
29143
6040
5656
32849
11333
7266
23739
2773
17641
9151
16516
22919
26862
27425
4321
2115
15840
29981
6445
12798
7053
14684
4994
8126
8362
19699
32655
20327
12355
914
1387
249
32106
32194
33097
2190
31412
15588
4962
7804
24738
13429
30722
10351
7654
26995
12466
23493
15727
10862
28242
14731
17497
35
22856
25858
11685
22310
12985
24040
15175
6323
24288
6032
30469
16137
8221
28680
31724
13183
3283
23261
26611
804
411
1064
27798
4828
16508
10324
15689
11550
25054
25137
3536
14709
17795
15221
28970
22731
31212
2897
29053
14251
8928
26321
30387
17149
21800
28910
30331
17034
18970
15693
17838
11333
16757
4387
16160
25216
14711
23801
3565
31716
15737
7101
5177
331
14273
26098
23061
4236
28994
10866
18486
29874
3986
15673
13822
17738
11382
2904
1571
22304
10548
11360
25588
27304
15747
8547
19320
22409
24299
14836
12876
6836
13888
18052
32318
28160
2902
14131
32395
23847
24996
9633
20520
20933
25305
26293
30622
28638
21148
24145
9693
31696
2304
2080
17751
18050
2579
3870
7258
26877
10658
20134
25664
24545
30137
16734
11457
24990
22816
2603
15637
6563
12235
28108
27495
29491
21201
16869
24929
1100
7813
26573
32795
10116
28653
17346
20118
23183
13167
19327
8811
15776
31412
1275
7121
28349
9960
10529
12090
32775
13131
27726
6137
25366
14586
25583
13608
27738
9251
5336
28837
9015
23861
20384
19131
19313
4529
31200
9295
9647
17326
10057
25423
15538
11331
24495
2638
13242
1823
14727
12816
14953
1205
10904
32270
15790
3287
12678
10327
4489
9965
5963
13504
625
26346
24586
11889
22826
22585
13135
32473
6710
23192
16647
22247
26474
7941
16836
6516
1715
31563
11283
8619
32767
22187
7689
15356
25473
12318
17634
21913
22282
23596
2216
14859
8694
26801
26747
31519
8137
31834
22743
14847
21825
31341
29045
7050
31233
12681
13565
32947
2995
24848
8366
2561
13834
8006
9868
31258
20323
27501
19970
1356
9848
14138
8166
18541
32890
26865
8812
7827
25498
23506
14625
6074
21647
2421
13123
11631
7053
26688
11378
10047
10287
11695
4559
16072
19700
14426
14129
31974
678
26050
25281
10526
32139
247
29066
31829
27111
29829
31607
19408
20135
4983
25481
8581
7403
5403
12163
6408
24042
23540
16454
1128
27186
12965
17199
13685
27390
23279
4410
20020
8081
29691
30545
7019
29937
18362
30799
23847
14991
21157
2006
1925
26139
19438
2457
342
24840
14619
6749
7634
30111
15154
8761
24096
28118
17912
29733
14260
33142
942
26231
8022
22584
23575
6993
19320
8736
29743
1918
15678
17700
3923
9554
10638
23360
3962
2931
6952
10533
1631
14585
7443
8737
15297
23490
28806
8
11974
1817
33150
12916
28047
33123
2299
18421
32067
13571
19109
28610
15488
1586
5061
11363
3092
15698
26674
7053
10581
425
9537
12211
6961
16979
12899
22258
32421
8505
14217
11194
10321
6118
16061
5168
31193
10312
15540
30059
23882
1448
17420
31321
28186
14432
9483
23229
22082
2957
30281
32662
28533
6618
3624
27446
15548
16523
8455
6720
16979
22671
17914
27299
20741
25926
24418
18733
3037
6758
7543
26918
157
16915
25039
28342
31346
26473
18370
12179
29429
7403
11640
16714
5972
7216
10959
13471
15690
19413
20191
32668
835
30056
18718
21575
22781
1888
32259
17770
8645
31754
3439
8801
7420
28477
29095
30717
13702
6216
9696
1882
13618
13287
18595
11541
20502
21505
25012
28143
32869
3954
19562
504
809
5080
14030
15541
6967
5041
110
7563
3594
28701
8315
11013
15929
4209
8529
29630
2377
10176
31512
7946
23463
16906
19487
2716
30363
3250
30859
30031
7203
17220
30534
33163
14251
3316
15503
21217
8356
7565
20731
11949
3065
29046
14913
18993
25206
15393
7375
27582
25569
5686
2328
7783
14543
21814
10498
11705
25063
8156
488
24217
17328
22973
24179
31578
26288
31633
11547
1443
31149
32277
5343
26165
20074
12207
3910
12080
27600
11284
31613
11920
16969
740
11654
23463
14505
22151
27120
31519
22259
27607
22535
6386
17379
5465
29915
10467
3898
8261
3861
1846
32490
1156
28011
11315
13362
23872
15346
32913
1955
13759
3584
10875
14498
15237
1137
20955
4188
28256
19273
18398
22662
560
16735
31993
6024
13449
9259
9921
13662
5071
3719
4903
6226
23681
16217
19588
14352
23515
11252
16306
4073
14836
27180
10522
30072
20268
31476
26211
7276
9501
3360
21889
10060
20094
20681
16083
25495
21891
17956
31108
26962
21674
2810
25139
12154
10978
3478
26505
1292
14730
1562
30516
29565
20693
7838
18388
7760
6113
3351
6987
15613
6710
28876
17624
26804
16356
507
11050
30199
18462
8957
15912
6935
3718
7850
11040
14695
11328
29496
7939
26057
31057
5254
14373
18549
5043
32760
18260
11156
2910
25247
18720
1572
12874
3144
28375
21181
28802
31376
18179
14063
7132
890
12949
10849
692
15940
17495
12019
12235
17385
30027
10091
14591
3151
20591
19633
27862
30802
22740
22724
14800
8260
24295
27673
3355
11421
7606
32156
9596
25784
13018
8679
18626
17918
19527
19317
657
28973
23287
12891
5110
12065
14933
19700
15215
27475
6132
9876
17028
28872
24551
23780
29083
15645
10204
32437
27065
17809
31392
3460
10393
3161
12138
20970
21078
23616
7086
13686
11341
22324
18528
16450
1188
260
2949
8354
19686
1032
10181
3513
21855
1532
19244
17737
17176
29448
16973
2993
14056
7116
31604
16400
10276
2494
4169
23305
18061
11254
3790
29401
25529
22317
4602
26716
14528
32702
27021
1013
534
4002
29678
22388
30685
15721
32077
6612
11968
15849
9604
17976
22965
8008
1175
25192
2453
5344
15297
20513
8549
11038
8666
878
155
13267
19545
14682
12769
13366
7647
5254
17367
29276
19593
6803
3748
18469
13414
15716
26270
23018
25643
7986
22977
26817
33177
17381
32160
7225
4693
7509
18263
13358
338
18417
18577
19882
25050
23297
47
24648
28550
9365
20723
6894
16167
24471
25363
29581
32138
10384
11350
24580
18369
26278
10148
10297
10458
9108
17522
15150
8568
2584
20460
8905
12952
5836
20738
29953
21084
20785
21401
16433
22101
875
23326
30220
17297
7440
18552
16234
9775
29901
32765
28143
14930
1665
30392
25387
10772
14713
32488
11291
9248
11699
12147
14151
9486
32884
10903
30569
12420
24255
5753
26473
25130
29079
23492
9226
28470
8843
17412
30197
30695
8928
25139
12424
10592
22330
29762
13315
28994
29049
16557
5041
32700
20655
19191
8985
12291
22046
6354
24710
13100
12106
17982
30181
33136
225
31359
20358
9067
7522
17354
6561
16449
1244
10936
18993
15526
7497
24259
11319
28498
7616
8312
27997
28270
19454
3781
7360
8299
2086
24022
13351
6144
755
10331
31231
26132
8489
18388
1998
16010
27693
511
24411
28937
3398
10203
3214
10895
26413
6484
6192
25980
14795
26140
13002
26201
29920
20361
26451
23958
3134
6601
30101
29041
16932
28131
21972
17372
5271
15921
182
32963
8383
16544
20651
11781
18698
15816
22675
11910
22300
20818
4690
29046
13757
17691
22046
2428
30003
15297
26385
25089
21897
15237
20929
30780
2120
1652
14952
32542
17572
7085
24256
17907
23628
3659
29687
9125
19474
11113
12986
8573
31930
17675
4419
4438
27317
18416
6865
16072
25664
25202
7960
6313
32390
20840
3892
26461
22491
10795
25802
32014
9831
16858
16720
258
20516
5158
1334
31941
16270
6272
7314
14999
15898
3684
19436
10015
14051
18253
26086
6515
2206
25997
12827
1395
13636
8670
27856
28078
19465
20457
18843
29295
29266
2363
21505
8533
7520
14790
7274
23790
21061
14587
30740
3759
10222
8928
5725
24272
19132
23762
22738
21337
16558
2364
22731
30193
2986
9338
17022
14402
29795
2664
10496
17812
30178
23952
26345
4498
5542
418
20239
18554
6956
9730
14264
17177
18657
19988
200
4588
10549
14890
25924
27106
17253
7407
16050
12190
16744
25023
26591
5290
27687
3887
23102
24664
19790
8198
21113
17283
8615
103
27789
15570
9833
8852
24698
20441
28840
16849
16981
31340
31738
1656
17198
7743
9062
47
19932
17758
17022
13323
14999
11508
9161
4900
28123
20902
13097
7988
4985
13663
8090
32773
21184
9874
8424
12681
30315
29215
21482
14095
27355
20019
15750
3304
27761
16764
28502
6445
26473
12323
19767
8271
15782
20879
13171
10705
8580
18219
18692
13564
23834
18733
5088
11817
28607
5464
24498
25721
26630
4731
31767
20784
24749
14316
16039
11262
23031
11341
17706
16303
23663
4272
24574
6245
25150
29696
16949
25681
6666
27592
6045
30499
13124
3084
9116
8530
8547
25565
26202
1977
30295
24768
14712
13795
31036
30751
25056
20866
8891
9561
29121
24505
5784
20494
30749
22885
8941
6449
15366
15606
840
13362
4857
5916
16445
5924
6397
24992
31488
32599
18920
20534
24166
25583
1128
22001
23133
18136
1619
23975
27696
30739
15280
25432
9984
12828
15116
18924
11229
22433
26481
4020
2594
31337
9935
19039
4060
8284
2782
27499
7682
13653
14832
31847
6035
7912
12600
29168
26047
14218
11894
12494
11756
27173
29877
21739
31953
3745
32614
1933
26177
25894
5952
28771
15983
7839
6561
20042
16122
1294
6293
23803
14946
13076
14401
20980
20987
18952
8899
5785
33169
20793
10231
3676
6717
32059
25414
30621
2603
24827
32553
28780
17521
5305
16302
303
5095
14814
12296
21216
16107
18588
3770
23004
23616
10122
2735
11402
29074
3586
9139
29042
16330
11321
32718
23046
10179
16883
20467
12782
462
11771
313
9934
9027
8566
2188
14121
23379
14483
2136
31437
25023
31057
21240
15438
7979
23974
18791
29004
27559
19881
16797
10688
31201
8266
25686
132
25149
4904
4865
17562
16674
5177
27495
17653
5694
29682
31773
29072
2916
25861
27308
19890
23717
7299
27279
23647
31272
12870
11402
17583
24702
28199
20222
14655
3264
4659
14786
20364
9562
11602
4725
18188
8730
24171
2640
14423
20652
26364
10294
15520
19024
29553
2209
1493
3651
29488
17091
26874
1109
28493
11256
25810
15443
23430
7264
10658
28088
14001
31022
29602
25602
27698
6541
1131
18669
1132
15553
31272
27495
17798
13591
5271
14150
15800
31915
17800
12087
15805
11474
5147
3049
14681
30956
10443
4910
30172
21101
24950
10972
18922
13303
3374
5371
11795
29656
24039
12926
12009
14063
32372
29806
27653
29594
10756
10252
28308
20507
14290
2865
31980
19436
31065
13461
9144
8308
10322
6115
29408
27223
17086
7081
32477
20459
4403
11071
16915
20394
15948
20875
1256
7072
9432
28908
3465
20187
31112
23725
7494
12201
26589
31425
23589
16405
3637
32732
24712
13959
5646
12871
33133
14683
19951
32410
27094
24354
2232
2760
3499
18180
23634
4754
25251
33065
461
28715
12004
31572
19239
11449
2525
4579
9673
18065
20984
13310
17596
12495
19220
15193
17318
11104
29875
4068
10313
23768
20373
12545
26527
23871
22676
8912
20576
14726
8777
21037
2192
12732
11360
21431
24180
5836
26009
25804
23900
5744
31065
247
10191
9036
15439
27508
20140
4066
31575
22404
27833
10700
26900
13112
26522
16375
22023
5850
31100
22751
26886
25244
27434
30197
13474
10365
2833
31434
2969
18684
3978
25985
18931
6120
1821
26321
427
13912
30386
23953
3115
16971
1452
21967
30082
19926
5141
10856
25775
28193
25559
11412
20236
19792
360
25661
30157
28344
15846
25077
13828
11775
17861
24710
17894
11633
17830
18320
25544
15016
9073
20611
23938
2476
1329
20819
14353
6469
23626
32079
26613
15984
2242
5600
2576
2602
23212
24684
30945
31010
16560
3524
9584
26372
20185
27478
4805
4815
4549
22300
11782
5573
9710
2519
8049
2990
15289
14353
1411
5714
13232
28023
21698
7425
25575
16225
10026
7538
32860
32923
5347
16219
28398
14931
1342
15383
1160
6146
12149
30860
28446
23930
3233
30107
18400
3233
33097
25640
17585
1307
31353
22768
21281
11802
30193
5607
28026
32170
5097
19637
31892
10443
2655
19042
17325
3997
1224
10436
2094
13372
8096
22491
29253
11328
11350
6404
14560
3198
32043
24096
29656
30195
5616
9688
749
2608
15295
20726
1577
20391
7163
25421
22785
1769
11262
6910
30917
12485
17345
33011
17808
17392
14253
5812
28719
25602
12215
2030
28799
3009
18078
25254
25155
23693
1742
25903
26300
8988
13429
19828
21330
12543
12048
2866
14311
23309
9775
12028
27745
19072
11838
12352
3263
26090
10115
23934
10444
14281
25963
31194
17289
2792
23248
9244
26484
16941
27098
11535
17880
7326
31363
31161
11820
10210
826
26131
319
2553
4958
20015
21624
8747
24319
16838
26788
1233
7571
4031
15514
25486
2025
24754
28277
17224
797
21561
26116
19847
33095
2747
19124
23209
707
30944
219
26684
23874
25689
29236
28831
12503
17659
29529
28773
26449
23116
30006
819
19099
4271
26304
13075
29024
13333
22250
21773
26845
7117
8419
18691
9863
27542
8700
2521
17237
870
29204
7910
26558
25240
28692
31012
1650
25020
26585
28098
6888
15342
20869
17938
19612
5924
22964
7387
19256
12013
29159
4852
19129
29529
23543
28991
15823
32242
23463
33059
33111
19466
32921
18420
11505
28412
8183
5107
12184
26719
4
11023
8860
20872
28960
20423
26796
10675
27810
4803
22687
15720
9655
567
12049
33197
21509
19823
24190
11771
11633
16052
31236
11353
26423
9541
6565
1405
14647
10700
20076
6602
21722
28935
19426
9433
8110
4973
20107
2719
9775
1545
10390
11381
2111
14390
11377
23619
1012
27518
2189
12645
2321
224
23997
28743
1716
22513
22100
8314
25164
8975
14916
13685
29861
26293
15069
29922
31265
27127
32640
7839
28671
1782
19220
30781
16171
22548
21199
9135
8818
15339
13731
11138
15563
29679
31833
9230
18992
12684
17544
10955
13610
24411
16592
2222
17503
31660
32144
7519
25587
23535
7309
13009
25316
26528
10590
239
7828
23740
9373
8597
5879
23103
11686
13393
19581
2270
22622
30524
14953
32117
231
20514
23327
8774
22736
32781
32385
13631
7099
16723
3965
14408
29732
29281
32887
7121
21471
32666
22812
30843
14
28690
12697
11700
8882
24229
5921
31504
13505
12826
30420
13735
139
12499
22508
14826
4031
21692
28456
3082
5215
32421
17489
26898
20453
9127
818
8723
545
23629
31517
558
11071
11013
4209
19952
27193
10130
10207
7497
22955
32579
21231
15045
3829
2490
29871
7859
16134
25126
10940
13300
24346
20380
6997
11598
21459
32966
12272
22003
15346
10588
14512
26416
13552
18721
5120
7545
20802
7278
15041
2508
31808
28224
17552
2436
30713
14222
2247
5598
31300
13186
18897
22445
25518
17845
25995
13776
17610
30218
27730
24908
7606
9041
18123
21157
19713
15194
28701
7314
14424
2494
9821
13031
30717
19325
15467
20181
25498
17713
25779
23597
22850
3427
4794
7119
13224
22740
12846
22785
19757
7375
14492
19314
16416
24567
32423
28080
31712
27923
2194
12935
22368
3966
25966
19884
15242
184
32017
7540
17896
16547
23088
32697
19973
19833
31768
25148
9372
11413
14733
21081
18788
29224
7194
27155
12542
6416
22034
11054
26291
16179
23988
15458
12097
8705
27294
27338
8888
26110
26829
18735
9456
8669
18232
21380
28501
8751
5280
4673
20163
20012
25753
30902
7987
24898
16808
12481
31314
30794
23534
16356
5724
6273
31813
17820
14978
17858
3910
23865
10767
22690
9400
12174
31358
19583
25506
26659
28333
30785
23283
7247
9548
15835
4949
9486
7532
13708
21966
30797
11301
4251
13952
8977
10524
4517
26796
25501
22374
22657
8117
25093
12147
9468
29218
10304
29050
13475
28914
16134
3011
18996
23381
12558
26782
20281
13996
26266
788
2761
23862
4041
7012
29766
4969
9487
1082
31764
26939
15407
13173
1855
7299
25319
11323
3317
27574
32324
8743
23288
15258
11754
1035
5438
16263
27817
17670
30258
20882
18457
33019
11543
14449
31982
60
19417
8268
1141
9933
2006
16548
15057
3860
15798
7175
7134
11066
26700
6258
19809
8739
13467
31562
9774
10856
14624
4390
28525
11682
25271
5733
3452
28765
20182
2233
28825
31550
10500
21917
234
12505
5264
15290
8316
13014
14416
7402
24079
33068
5611
10687
8606
19077
1000
10331
29932
15624
14720
25256
19257
31942
30988
22708
19459
9921
16892
7035
223
27391
28951
456
31847
26167
7698
32114
5980
22113
6315
30058
21980
11925
32697
30586
31001
496
32868
19684
8071
14388
11739
19279
5081
1479
8786
24539
3351
17629
23525
3573
11819
19276
29181
2417
12242
3678
1331
18221
25790
7645
7030
14570
19570
6526
3907
9322
32174
3574
29006
7044
9913
32696
26323
6946
26126
27060
23436
29477
11489
13761
33049
15259
33036
20981
17676
4029
24658
19006
14201
9200
18602
21230
23769
30123
19708
19627
6245
18681
15152
27202
17676
17017
18649
2750
23962
11575
29810
14197
7851
50
27957
32851
7260
19744
12584
24935
23772
4041
2692
4772
13240
21294
17954
28960
18216
4461
7338
16412
15093
14442
2365
24720
31458
12966
27470
14171
24540
16031
28367
24342
8032
15076
15944
15291
26771
20479
7026
9295
24520
1669
14066
29711
22962
23971
17423
33130
28431
24760
8293
2275
6001
2610
26995
29410
15575
21264
10380
32066
29246
30699
15159
4077
4526
31102
19367
31296
18381
26392
7390
1652
28061
13408
23314
9774
4178
7536
1655
24561
32296
9948
26835
30248
4509
20629
26458
20083
644
3637
18948
29889
26287
26058
765
30812
15911
12084
28908
26243
30427
28249
27894
17239
8456
18008
27013
12634
25543
28667
29146
16590
30566
22780
13638
1874
2161
32047
13908
2804
27635
24807
24645
20722
17664
17361
18333
375
29444
5992
26617
26671
26193
13263
10709
1448
23222
29673
6033
15564
17092
1978
32154
6409
16710
4543
8283
18870
3389
14142
13625
31023
30901
5069
10496
15364
14382
28829
7690
10625
26772
26259
29247
19764
6321
6756
13164
29542
3228
19196
3857
12271
13126
27962
18680
29835
32504
18914
7456
27844
33055
21080
17619
30755
18101
28114
4871
32482
15694
4512
1858
9266
30770
31105
29029
29042
29812
8992
25383
33039
20140
21192
12110
25217
15953
30789
21851
7209
16502
21258
27004
8308
9137
11422
31015
19189
31488
2685
10422
13981
7196
12280
23246
29918
2136
11027
25759
31947
11970
17942
23737
24061
5933
2646
16077
13837
25386
29879
21045
639
17936
14849
899
19025
18222
31913
30165
16509
1397
7387
30490
544
11618
12487
30461
13753
15465
23020
12499
19387
32913
3035
10247
30797
30833
26324
3385
14970
14954
24430
15609
32890
31230
8459
10666
8203
7171
7630
24712
519
6968
13953
1062
18585
18391
23475
32337
25808
5246
3587
11994
30110
31774
22240
27706
29406
7315
23042
11175
22269
14271
18735
13910
4252
27193
16527
4407
26315
16108
21070
26833
23076
1822
19847
8460
12164
2073
32749
4771
7318
3135
16764
4227
1708
30956
23884
23065
30222
13725
1040
11242
19948
11726
17103
16151
30871
429
20557
23985
16537
378
9570
6412
27351
29416
6823
6315
31488
6371
3037
30757
1458
11753
26935
3165
9508
9570
26230
31681
15246
19221
9723
27145
22898
26825
10096
12520
19206
22604
3305
27694
22982
4826
26057
17132
1041
32879
15398
24480
31202
18435
13988
32659
30187
7722
27775
31646
9243
20804
22078
24488
31976
31800
18433
13626
17377
20480
26145
28534
1835
21401
23027
24816
26226
15883
700
19218
7513
8049
2449
5514
18435
16436
30124
7373
16109
24699
5818
25351
4254
27896
8591
3030
18447
27023
16655
27775
14302
1551
23108
8088
22952
4886
24856
15977
20768
25555
27147
20233
25555
29595
17698
10790
4783
14622
18162
20891
6120
15932
4994
2325
2579
13584
5354
12977
7406
13960
7552
13659
7463
30659
21746
30414
2345
13401
5142
15064
30907
32288
27248
15214
28683
11746
26003
265
26367
2916
13107
24438
18847
18100
26762
21425
31683
24068
26354
31040
29979
705
3450
4241
23315
25196
26606
17611
30548
31748
32675
20207
22787
26722
2220
10221
30419
28222
10485
23585
31137
15544
6774
8736
443
336
22112
24078
16355
15265
21917
5085
15969
17319
9326
31236
1266
27883
15646
31813
26430
7072
10771
16017
25746
12990
26237
22964
33163
28674
5301
23052
2969
12074
23739
3411
4361
12650
19440
12667
27915
109
17752
2635
17427
19029
25822
18692
13711
8268
9256
32093
15339
20027
6861
33036
24968
25049
14752
16883
12474
20052
6734
15442
24077
30472
10805
20390
1873
30244
33056
21739
22304
9559
24374
6530
28587
8947
17173
1050
17214
26429
33142
24505
5207
6802
16292
22126
23802
31043
5808
3076
17894
4493
18517
723
26916
29321
21112
28789
18317
12919
17327
7420
22478
452
5902
9816
9399
15026
10865
18564
206
2758
9868
5412
1511
18112
19490
25313
15954
25297
28388
648
29790
5656
1370
15457
26929
14433
11045
12045
27351
20324
11416
16628
20775
9269
18396
22125
24295
29260
7489
24500
32018
9308
21864
328
27419
8153
17592
10173
25401
12779
2772
13942
10387
29293
29399
4115
10525
7243
8111
29827
27566
11478
5207
7093
20747
23602
29217
3793
11613
28657
20244
10430
4765
8907
2710
24135
9011
12253
26259
26364
16984
29030
7105
27370
17074
3303
31484
27598
2498
31546
16177
22015
9823
21383
21059
22521
11784
9028
26313
15348
4484
13357
25778
1200
14215
20439
25335
15178
32691
10345
8341
16474
6175
7397
2595
15200
2652
878
1550
30301
32423
17726
19115
998
5908
32126
23518
9643
7953
8583
24990
12436
13891
9519
13636
20057
21909
30922
2034
13352
8066
2326
21777
6192
9723
24372
13344
12374
17201
14893
9474
8376
32618
20540
9373
30477
19465
24842
32071
27417
224
23860
31805
6066
25331
4192
26123
5991
1913
20108
19342
1930
22434
33071
74
24108
24242
13417
3281
8242
28309
4706
8569
19678
17197
17941
16954
3462
1535
15824
22830
26910
31635
21434
32976
15717
25625
25898
21708
19489
12805
33001
13371
27190
32871
13444
18097
23912
18812
13329
24106
5872
9986
32674
25549
27183
9367
9302
22596
10901
17077
12225
4610
7463
25611
4385
23180
9987
22234
11687
29476
26991
11487
9646
20980
11158
15041
31029
27021
25804
11157
17926
31675
21143
17400
24023
15125
18718
25276
4520
29618
9152
8696
26179
16614
26258
22516
31745
3045
3501
10231
24472
30491
13670
917
10223
24827
7909
8051
18647
512
19207
28525
32186
32301
4676
14960
14225
23393
7035
10696
11762
8138
11344
29892
16703
4401
19207
15248
32597
22708
25478
23868
11950
5947
16736
22172
22725
24644
30222
124
17107
8181
28648
16092
7281
123
23003
13458
23515
30037
24153
27228
4974
27448
23919
21677
23801
9926
3724
23197
24585
21153
13865
3334
19052
30600
25506
8576
22044
14479
8699
5950
22659
29298
13994
29940
29420
3796
10197
11686
25785
26301
30865
30758
20549
21584
11186
11149
23461
6861
1145
14845
19966
6961
10130
5817
4361
27587
14392
26404
8866
15043
24305
31524
11140
30250
20215
32512
25998
30411
2949
18582
15464
614
8091
2812
22197
11229
5912
12457
10041
32208
19253
30006
5969
21334
2622
10329
15721
8966
28684
16538
24008
11740
14861
27099
742
27028
18362
26739
24238
21311
4072
31653
21924
4114
1264
10920
7294
32327
15328
17335
31335
26532
14140
4103
14665
16762
6383
30385
17679
1866
5674
438
13605
20535
19488
14346
6314
4650
33036
30551
25960
29059
20956
14683
33173
22219
17554
7266
21346
32881
24600
11432
18164
30692
7486
32828
6205
13868
21965
23883
15733
27638
16272
21289
6924
2559
27587
13237
7208
27422
2540
33167
15233
23495
6601
15205
4465
24154
14422
17762
15786
30974
29193
749
28465
3478
25529
26621
17345
14293
17303
25029
682
374
13118
32758
2932
32656
12794
2092
18829
7285
2058
861
22731
8659
8017
27196
24764
22439
11757
7350
20212
32902
50
7428
28331
25578
848
12476
31822
10102
29456
24456
10475
1325
24013
5358
780
28758
7449
19609
2843
1459
12421
25573
2069
20438
11520
26832
9676
23277
26133
21839
14930
26183
29266
10060
18560
30113
14487
9134
7014
10743
389
9440
12067
24401
6749
4799
11910
6150
16359
14752
7608
28779
32277
1628
16016
10596
28459
17643
25824
21392
6281
7553
6326
27498
17613
24885
16362
24051
25970
23375
1593
26358
24766
5612
9510
31515
10410
13372
29616
26768
28123
4023
14298
19151
5650
30314
21699
26060
6708
14322
6203
4941
13827
12528
32438
23391
29365
7552
14241
22134
30926
15834
7244
14444
21445
8705
4710
23806
22076
1125
17373
8951
30299
31670
28101
27900
20735
16599
20759
19395
22873
26962
24335
28651
31441
15524
18841
27605
23075
25033
8491
12753
7666
15734
19148
21062
16390
23857
3619
5266
24981
12943
14216
14031
11413
1068
8730
24099
9619
29488
10293
24443
15201
26579
19893
13442
855
5533
32998
23929
30565
8288
28633
30183
24021
14580
9996
32363
5236
5567
4428
22168
18509
10595
2998
21873
3614
3679
12772
13232
33167
15016
4474
7119
8395
16318
12512
1201
21850
12310
25129
11167
20597
12514
101
3370
27093
2048
2532
24281
7614
6959
5200
18075
9505
8198
6747
13118
11876
19518
18302
3794
26486
22775
2865
26832
5893
15376
28032
19694
27685
11912
22812
7034
24425
14864
10403
18318
8864
12934
1350
8429
11844
6549
26503
13300
6698
50
26417
10526
11519
11518
6271
4804
26245
9135
31635
24089
16463
26466
2534
10947
5178
17298
9932
29602
24113
20334
6671
32976
25219
33172
8205
29014
31673
1507
9113
5170
26708
27482
7647
5027
30951
5870
9830
15947
15004
217
31987
23418
26682
1321
1165
23811
10570
11096
12165
1482
23382
10787
1258
7352
10759
1414
3166
9231
28072
4230
6352
13532
23663
13999
18558
13366
11820
20339
29312
26823
20555
20051
17041
14037
13323
10157
29799
23892
13204
8763
17325
28537
19550
10534
2689
30308
11947
5854
31490
31971
2035
4641
12302
17650
10591
22811
31015
22410
9949
19078
7985
30504
5928
16977
3292
11202
19085
33090
1893
24240
8653
11170
19577
20154
21703
22265
17261
25602
20070
7502
24372
14056
12142
28625
31705
14685
18235
29519
29046
28183
7349
3830
25486
13276
12758
20729
16430
31842
12571
18322
22882
13175
29491
1210
128
9946
23474
9340
2347
2295
16841
26718
16350
20934
22142
14855
2418
7176
3125
31464
27310
10473
27245
11548
15701
31955
32276
32130
30596
11646
9203
12229
24820
30646
13438
24947
7391
28863
26238
9737
23109
9878
28406
6259
30812
9299
13065
25181
8426
16189
15396
2535
18614
1393
14082
1114
147
5110
43
30742
8707
9245
1723
327
31842
7112
17225
6032
27927
10263
7720
17835
12092
28077
16045
1655
4175
29109
26836
4552
4050
9031
7087
22663
2375
13120
23776
2521
10181
15770
25215
18888
16966
26937
11166
15608
26000
20342
13591
20726
22556
21311
5361
1448
16187
21405
3102
12314
17314
29937
16865
13315
30920
15903
2777
94
29023
26552
27767
31155
1073
19781
16842
18038
13517
19959
445
6316
7101
5988
27042
29656
27298
24354
31103
2236
4510
26157
14549
13775
14845
31414
27089
4516
14116
29865
29762
1890
15168
24328
33045
16240
10908
8638
1078
24424
28597
26674
22691
27649
32661
8484
24104
18710
24789
13959
20946
29299
6915
27446
9873
21759
25659
3762
26275
31727
426
22836
25568
15594
13963
25412
23785
16822
26002
24862
33197
13350
10288
22687
7798
1700
23123
23853
20410
14711
4611
107
10809
3477
27552
12634
17188
11963
16395
10262
2441
8772
25049
28008
16317
30963
12172
6902
14584
4973
23715
6532
10274
802
29218
18071
27654
11092
675
14863
25803
5286
6921
28563
8762
26424
7996
25949
30338
24390
28162
32778
25114
11962
19538
182
1676
31709
7083
8211
28633
22750
14742
30858
15503
10760
15728
9956
13803
16402
16770
6405
13639
23690
1768
14353
8866
1715
32253
6003
18057
19167
30733
9970
31128
9022
10151
32804
32682
9186
7814
20066
31935
14508
17723
14237
17219
25402
16145
31021
555
32914
4226
14194
15356
31145
20498
24221
32859
19550
22175
17715
30668
11659
19636
28596
20680
29787
20151
20161
30924
19916
32178
29658
1223
16700
2646
18441
8901
18790
16262
1408
18504
12439
7553
25811
10383
28050
16831
1993
6351
30957
19708
3819
9416
6143
24366
30095
27881
11316
9008
25604
23183
33137
14013
16358
16637
16659
26750
17489
27400
1763
18896
4655
14201
18400
30465
16535
13249
6047
18528
11552
3804
5035
15370
13219
3129
6535
2065
31010
9802
3024
15365
24936
2961
29378
8093
11549
12836
26795
29037
32187
28557
6685
3642
9558
25084
26058
26092
30285
32105
3371
8636
2708
357
15957
15926
3486
14443
17990
26447
24244
21014
8611
7931
15926
29940
7976
27474
1527
1570
15262
514
30126
13898
4155
6483
30934
30212
24527
28018
21068
19849
28605
23775
20206
11361
6500
15643
25803
16442
841
8798
29407
9451
8680
12132
6191
16655
31557
32869
18224
13618
182
7102
27516
29488
5536
25249
18452
30062
12018
6319
8663
32574
30094
28868
10734
28545
11310
28488
11786
4102
4085
7992
13552
12764
12075
11694
21371
10431
11363
6394
16001
3496
5447
2268
32984
10983
19468
18235
7844
31485
16505
16506
22810
13398
4125
343
8743
7386
20782
12480
11487
24866
12424
16991
29581
24498
20636
9703
26881
23950
8049
1633
27446
13495
3900
19181
24477
23367
29367
24273
13603
12671
32730
3212
18021
3655
28706
18715
11040
16287
31194
14479
33104
10417
31469
21436
26867
10856
31139
12499
1606
5987
14131
29051
19481
18030
15031
10758
8196
3149
1830
13750
15819
1359
16961
639
30165
12466
19353
33157
20704
17347
14435
20607
19715
4655
8842
13381
15510
6780
17831
17115
12766
31961
4917
24199
16790
11899
26908
16937
15047
28737
30686
22818
22047
6398
23456
10964
18863
1561
10920
6366
10859
17306
18924
30573
21960
27766
2706
29421
1345
20536
5288
6063
19297
2156
30261
28038
14055
15920
11775
21053
11456
9260
10670
25454
15658
26078
3217
26472
27638
14136
24790
5296
23393
10513
27820
12152
30230
22477
325
23527
1765
5612
29589
13013
7767
18601
7850
13773
26472
11576
26778
4727
12788
4247
22132
28445
30324
17301
13668
16713
31436
30409
13960
13581
32874
8580
17684
21855
23008
18008
12181
24772
15571
521
4584
15290
11073
4386
21014
4344
15961
14591
1022
28748
18838
23154
15944
7913
7254
21564
16578
30641
18772
30537
11021
10397
31068
28705
32252
20876
5464
3184
12447
21035
3705
8983
3124
14777
13368
16089
11073
21280
30680
12094
16828
8269
2047
24723
16181
1252
13086
24710
23845
23810
22047
26817
26158
19914
14273
25209
7589
19737
28393
11988
32723
24049
20970
27798
5625
26289
10686
16697
14368
8165
20743
23147
16433
14741
14670
24566
15993
19707
16075
31789
10316
4921
25405
28426
16787
6478
20434
16327
26214
7578
28314
25736
31626
8035
20333
29203
26275
22970
4651
32595
31135
25393
22541
14367
32086
29162
30884
14878
7621
13759
13466
17936
10631
30822
13161
19369
4099
25547
2496
22264
25076
22761
14799
15454
30796
27083
11456
15822
16853
8058
15216
6739
25403
29709
13057
24288
25670
10741
31117
90
16451
3334
9978
27081
955
15090
13250
5054
32588
7697
27317
24464
30457
868
6717
28052
19902
10124
2626
3554
18181
17841
2244
10383
14349
15301
26622
31971
26041
24538
24012
9291
27871
25941
28323
28826
7831
324
25831
32370
8020
11899
23633
5277
12766
22301
25280
24620
32424
27905
20125
9357
4498
22369
11691
10798
4469
5113
9568
22461
29650
25532
31751
16273
18272
18825
3850
18054
19149
29680
17224
19120
8378
32808
16348
13096
21909
8428
4515
13084
28284
24639
14392
32781
13807
26083
2331
10227
23147
11898
32687
19596
4229
23189
27820
14453
8814
31669
32506
19914
28148
16529
5833
28478
16137
22181
325
29997
22560
4839
1832
9595
21429
16224
1128
27188
9106
3458
29366
32252
15355
28853
10599
11536
10793
5219
25988
19606
28839
17245
31471
23787
574
29256
11016
8662
18236
11340
30610
32747
8130
32441
9141
21510
15464
10268
7449
16521
5677
3615
7524
12984
32467
10075
24519
10059
15293
9258
21617
2883
26502
19887
26669
19027
7894
29636
19640
18081
32927
9001
17627
33008
8242
18720
13270
15657
20939
20718
24130
26616
24332
31653
6399
15550
8527
22869
17561
15771
32126
31129
18654
17379
9767
4074
28358
17661
510
6749
2541
25388
15750
20168
17148
23991
30839
30417
31599
18577
17934
22528
11992
1018
20981
10342
8519
21459
10
26079
4030
24087
24007
14635
218
574
18708
28575
18234
11169
2123
20774
3357
17872
32893
12456
614
30531
9672
32213
7860
19557
13492
19851
20574
26424
30193
29093
14683
22154
13923
10664
13041
29882
25298
5210
30455
10805
584
7440
13926
27858
20165
9234
4482
19858
21689
30247
9140
31360
21211
16999
17716
1503
28802
30242
27926
17746
18086
1360
6699
23960
12023
11691
20641
29272
16900
17895
32029
9435
17286
12754
29245
4251
21987
526
16060
10475
22724
25199
8634
10735
950
18301
4189
29751
7294
32114
6248
25379
25426
12946
16139
29400
16589
3579
25472
25440
13426
24300
1675
30711
3853
22871
1761
25839
23396
17820
28265
4871
1771
28850
15605
27872
13950
19793
24422
21244
10659
22621
5374
2884
2366
13464
24235
10906
17043
16506
3146
22420
32757
4820
19930
3409
19642
13643
21199
9837
23414
8215
6659
25184
3864
22264
19855
9766
808
3028
31009
11466
25648
28334
6301
19966
8598
30536
30871
17592
5793
25968
6811
5350
22739
26740
710
9180
32334
13861
10968
22548
22075
17627
6483
25939
6690
18290
2504
7497
13269
25464
10915
30869
12549
17215
17634
21146
6502
7256
5537
12295
24
12347
17644
14714
31039
10305
23894
22124
24165
1661
11471
13040
19287
9906
30930
17928
28195
25385
17377
8263
9600
20243
5931
22148
29409
15516
10094
2711
14724
7582
15005
6699
19929
24600
21412
9719
1704
12105
31842
17821
5718
2065
22812
16956
11970
20541
26836
6964
4677
2964
7178
14276
23206
13109
28375
19414
20576
5268
22124
2099
4802
29080
8797
16682
12431
30209
26400
6087
1065
16993
23907
31934
11009
13518
15690
22978
26010
1277
21893
22638
4240
29071
3713
27445
931
24039
13658
13458
21259
27734
15557
26060
23613
24353
9541
27996
13313
27892
882
6330
11684
16740
5063
22693
22209
12704
4422
6970
13980
26315
29607
18219
14137
25271
12463
7019
16109
18073
20476
4167
12606
2832
30226
28170
19137
31718
22965
24401
26409
15798
30730
30045
32537
27745
11489
13497
7248
15910
20466
13180
976
16872
31398
15112
894
2613
14082
17003
20685
1358
13121
25242
4189
2099
20211
15277
616
9976
31630
18977
25773
29159
15821
17062
15655
27309
30558
14855
1970
9776
28034
2946
18599
18183
10009
19493
12747
24091
28447
231
25448
8367
25472
21588
10465
4435
28817
3033
6362
27246
22009
24086
15156
29781
7947
30811
15841
30457
4417
17810
32184
24402
20755
17582
9384
22716
3874
22131
13606
32320
14313
31005
32639
31737
19392
1855
2971
15008
4887
9332
1005
18847
217
16161
15427
116
5723
31267
22524
10139
7829
21507
1340
20535
5888
2675
10050
1714
16757
23655
25985
31070
13411
25423
21558
32803
27278
16480
6562
24116
17763
7567
9763
9931
15679
17141
10046
21401
7160
24521
31539
14988
12827
24830
2322
10667
27504
4324
12380
11061
19930
5164
882
141
22539
22439
32943
16616
30870
31456
32683
15432
30974
9245
25362
13452
18338
27360
1652
25497
18680
25142
32436
31507
16771
1557
925
11075
31032
13304
14087
17762
10419
6920
17902
32957
21310
9596
8324
18979
7851
7807
1210
5625
9003
18523
19076
27340
12682
12680
11588
23314
4621
10823
13572
13344
4332
14496
16370
2163
27799
30456
19924
5017
4175
4625
29926
25484
14220
5049
11262
14023
4807
4423
19647
13810
14897
30674
33101
19531
2105
11489
9644
6726
22311
23215
12021
18594
29662
28390
20757
16212
25645
7480
13180
21771
4057
9905
14054
10228
6906
17267
24250
11712
13641
2648
25521
28537
122
25422
14867
27378
28862
16462
26055
9924
31628
4875
28518
28089
64
16074
11100
25708
15505
24280
6230
19561
26136
20283
29789
33041
29501
20838
11553
1893
23486
29025
22382
15559
13198
29200
1688
8859
12462
27743
18783
2841
32617
14100
30930
32681
22125
781
17140
4429
17012
23370
15942
9948
2404
12530
1740
23857
25319
13292
25749
7556
1069
6882
15066
14266
2882
16754
23125
7295
3248
659
10135
2664
6710
7864
27296
28834
597
11236
62
17608
26557
7955
19507
28960
12436
21247
11568
4555
26490
4117
4062
27558
2950
11080
576
5831
27833
15652
13125
31080
16310
23260
25695
23019
23075
19791
10604
23671
22978
2617
31
16334
10572
11489
4045
23007
24687
15613
19513
17977
11681
23575
4286
14630
1454
30013
12413
21238
12464
25537
11069
20725
7548
3563
2495
30623
15305
13098
13045
30234
15715
5027
13367
26286
8468
9364
8044
33154
24976
27557
9882
28608
17931
14168
1989
11336
2932
14401
32573
15396
6738
2393
2920
6237
31107
5415
28811
13212
10464
608
10245
26178
5634
15564
11215
14101
24927
19259
6007
8654
13615
15888
4061
23497
22007
6049
1632
24939
12402
26156
7134
11091
28548
2005
17327
26454
32571
12938
31617
9835
13545
614
27964
11130
16177
5979
17183
33055
17189
23189
460
30803
5876
4520
21099
19835
2520
14682
11573
6873
7637
10658
17963
2984
12662
2090
21389
3985
15027
19806
13819
20523
20419
534
31652
28547
6512
7586
28401
15652
30774
28860
13254
28602
25331
26304
15236
19802
7785
26808
26675
7373
4265
11437
10356
8878
13526
23697
4814
20504
10302
10584
32978
30720
11118
31430
26066
9581
5815
13218
25233
28541
829
30438
15894
26159
23542
31129
4712
23278
16688
31386
30651
12904
1575
32958
21781
7052
23454
18547
19508
555
29130
19285
23226
7047
9466
8043
16628
7233
21260
8660
2573
22088
31049
18466
6998
21390
8346
11710
3420
25033
1847
870
29888
3421
25779
10420
10473
16033
28966
21932
8539
24896
8016
31765
31942
17482
31759
7321
24714
11771
15980
19238
25810
5781
4503
32808
27170
4800
3269
30589
21784
5115
23410
18471
488
15989
28890
10960
32021
24656
32891
32511
16351
32858
31075
15092
17139
21586
22413
8652
156
30344
19841
25965
2924
16295
17524
22046
21094
20792
11386
9677
17859
1596
28147
18346
9536
15789
21257
308
7244
12899
32818
23594
12556
22645
30637
29695
11030
19849
30298
3137
8945
16939
21053
3820
33
5377
25865
13079
18120
29203
14707
2778
30798
9654
21123
32285
25442
9179
32592
24637
22077
24161
15030
26585
13605
12466
15031
16586
24267
4080
19722
25163
12970
32727
28982
13003
4903
13599
18033
23022
9601
32739
25800
32350
1144
5674
31434
18537
14853
22777
9973
28881
13737
25002
22265
19294
29420
29247
27831
12438
127
6305
29552
13096
5831
25333
18050
10733
30883
2882
25706
7283
2421
10257
31584
28716
15931
29817
14053
22735
11345
24025
10367
17034
7779
24584
3127
29150
20630
22909
339
20756
29213
29890
652
1843
13974
10653
4527
11657
13535
30233
10891
7907
32441
9275
3422
15171
31043
9426
29857
1140
251
7024
18173
33181
31607
13251
29130
10988
2959
21420
31744
32172
18109
24347
25966
24034
26951
30493
27642
7285
19477
5333
7143
18717
6559
2517
25840
29553
11942
22496
30692
4144
21471
15664
29276
19877
20866
17157
22817
23825
5376
21360
14748
15436
4458
7513
6270
31408
29957
711
30645
8185
31195
29739
26902
4553
32255
11493
906
2949
788
31597
32244
22259
6013
28320
887
26878
12276
23703
9454
17652
3814
24201
25039
223
23666
31308
23583
20422
23971
21027
20559
21965
17565
6212
26518
8572
17704
19375
3472
10443
9723
2515
24653
15735
30834
25540
1365
1862
7994
10818
11465
3760
26971
3303
3982
17436
26563
19516
29809
17333
7342
17167
6097
16859
23378
24566
17382
33033
2692
20853
10276
12415
23367
1728
20101
12953
19219
21465
14814
19165
32283
18230
22924
18005
21532
18857
2240
14894
5173
24000
24178
4466
7967
22227
21324
23296
13592
5505
23129
16284
26357
204
20650
8476
27083
7550
21428
13102
29015
28193
24218
20049
13222
13941
4853
1553
24749
32244
8399
29921
23043
32576
1187
31009
13554
14462
13057
27146
11919
28137
2181
30227
20292
14782
5502
14174
22331
26929
19227
18145
13873
10244
30145
27094
16136
1797
20599
7685
25992
28997
29557
15835
20324
22695
5595
678
3957
18651
19775
7827
13587
13907
4853
678
28688
10355
6804
17818
29235
26030
27915
9908
28226
16811
28953
11161
10560
16351
10797
3351
4099
7154
19185
16375
29848
24780
17052
25756
2182
28778
382
7721
1436
5235
8398
30123
7541
7153
6692
28727
33183
26558
5434
20160
10169
26339
23272
20728
9489
869
24078
5540
33174
10063
21914
29821
26794
30917
14329
28975
26494
14710
28647
27929
11896
28997
16803
11388
2949
23494
6915
28083
16852
4300
15042
27020
30638
5114
6499
32079
5982
30576
4418
31107
32590
26331
19679
26183
24047
807
13910
9292
7469
9356
4020
11316
5152
12774
22704
53
28219
29618
28135
11870
717
9977
30841
23307
7042
4139
22185
4975
26667
26602
2881
26056
19732
22559
10991
2530
23366
24900
11821
22786
26207
7792
901
23311
20565
23604
23363
15583
11973
10249
19405
12690
12177
8997
27948
19218
13136
16932
24192
31754
10333
19024
24609
22016
8383
2399
24545
23700
19250
3165
5237
4209
2908
6137
27519
23472
21693
9633
31006
465
11833
9162
5106
24010
18159
33053
10027
23246
16784
26171
21799
19068
11994
13207
7883
12328
7558
24379
27979
26807
19495
15
31015
22402
6152
17285
4625
19796
18869
2431
20260
30702
3544
17318
13463
21702
9122
23489
11747
25906
8411
345
3725
20405
5504
3560
24684
13061
27938
19463
31819
6185
19477
29634
28586
17580
5670
25163
4175
16491
19545
16387
5944
23088
504
19406
11590
9625
1646
23336
27482
10057
23681
23159
22413
21136
26718
13896
996
13407
25310
32814
19591
11587
21199
14977
21118
18821
6939
25293
2111
26483
431
8054
16370
934
19411
19911
2510
21056
10047
21944
31112
25679
11902
20324
13614
5419
26172
6561
18825
18281
6174
5216
21819
27373
12144
9737
12993
11034
26981
7055
29468
27411
7060
4589
20296
26470
24500
22805
6277
26498
3500
4189
18976
15401
16464
24541
12771
9435
31101
23548
19668
4074
20715
8286
23398
32858
18022
28342
2643
11802
27348
32110
31164
1207
28650
18259
19628
19949
7864
25905
13246
3315
22045
24173
18716
5308
15513
31486
6695
13413
13785
18314
9439
1299
26599
24788
26108
3373
19930
28750
7126
6029
19611
5090
32388
15061
23348
18815
26961
23163
3471
7007
26478
25515
31179
3945
22775
5444
27382
21421
10808
7967
6534
20246
9265
25084
11834
2173
20408
23715
22874
19486
21695
9285
24575
20882
16297
6674
6497
10057
21789
1919
17063
7018
19386
6994
10962
8960
4389
30295
22332
15196
5061
20817
27394
14326
4652
31179
8450
25060
13645
31323
11345
2139
7407
27871
23021
23703
26496
21469
560
15084
23387
9574
14053
9572
8519
16966
10483
4859
14061
32814
20055
19121
12382
14248
25398
17034
12226
647
845
25870
23922
4141
28008
23280
23963
9780
13783
17258
31248
6294
24294
13387
7819
5146
22958
8290
22112
25393
13148
28124
25006
25154
14044
29340
6201
31394
13173
10378
23992
5969
28199
14713
10109
14959
4793
871
24738
10527
18128
14738
8772
1173
28124
16590
31471
9833
16831
12334
2025
21931
7257
18983
13884
13252
15122
12037
11445
20246
14366
27389
26214
9365
8901
28274
24323
5645
29144
7812
16171
6023
14501
24942
32348
9424
284
30618
19257
9066
9751
13233
30996
17007
32215
3632
22210
6088
15668
25607
26333
21985
19795
11298
31349
28695
6371
14423
1140
27466
14187
9262
25441
28687
26156
24588
30063
18391
22005
16119
27456
23707
29351
17204
32665
20318
20835
21674
26405
28454
14080
11490
17238
674
22787
7339
21321
29158
13713
14412
15375
27899
23673
7615
15338
16628
32202
12200
26970
12958
20270
21226
3464
8372
30381
2928
28689
9967
16554
21894
5220
30633
183
14409
23259
14921
13699
11379
2830
19364
25790
18205
14062
16262
25819
21351
24842
16773
350
10563
29730
20619
31788
25146
28991
28968
28073
16431
5734
3378
30276
2905
811
22410
9266
24069
4131
14916
27399
6960
1079
19988
17116
7093
28201
9735
28443
11794
18459
20745
22357
14988
115
12896
32085
21057
8664
18910
4288
6349
22287
1363
1206
23097
15725
2423
5917
19855
17338
115
18766
10369
12054
2682
17461
7055
12416
4655
18848
22826
25399
33156
29765
17466
12852
28650
5322
13467
14359
9609
11767
3445
2924
12972
18494
18648
7346
16362
30454
16636
16477
16019
27004
28530
18700
3216
27536
23067
33022
5136
12692
17173
5091
9257
1438
17942
4706
6759
23360
11016
8320
1927
14460
3195
6850
24905
21842
14196
8067
19095
22783
16495
27065
8538
3776
12565
3705
31312
27583
3526
3247
7075
12650
289
8283
14087
10183
12988
12798
342
15955
13069
2268
30414
16263
9118
14071
30056
15265
22137
15950
29999
5431
1766
5336
9206
14330
9040
32469
665
4517
27667
7739
17167
27956
16021
23205
4938
20960
2802
30431
3714
15870
32699
26079
24084
568
6949
20939
7784
21037
28840
4582
18419
30606
9917
19577
3687
10908
18845
4351
15424
13312
4041
32590
19
20061
14547
4956
32972
17348
2186
28637
25170
26836
13468
16053
19355
12368
28944
27138
205
24583
31719
18623
21988
387
4999
25675
11294
15796
21977
18670
29107
26018
10011
29125
4830
24557
26032
4602
657
20169
25190
25826
5757
5457
630
25111
17825
29573
19049
9981
12908
9519
28603
1695
9906
25554
19321
13151
8149
50
31820
29207
26067
8631
25131
30896
33187
9914
27449
643
22034
11391
18420
27790
16847
11002
19701
26623
32526
30701
3403
12233
7019
23958
5880
8876
16311
25200
22027
24459
25249
20646
20465
10067
21228
4347
32915
21215
6212
19115
13809
28245
30505
24181
22835
6104
1982
1287
32726
1307
31987
2929
5492
30957
26886
11371
6633
1948
28522
20611
26406
12523
8056
5622
22589
21236
1920
22303
1202
8131
8218
15010
28327
30674
5990
9913
3577
33123
11199
3103
26382
1937
31183
31873
24846
16820
10043
31478
18767
5364
18888
3924
9838
18895
9545
32427
32082
3416
13481
83
3498
13650
15093
31824
11124
13034
8537
6652
12957
11687
9754
6138
5576
32888
29962
30421
16507
31956
20650
2073
29271
31489
31148
5909
9135
7492
5135
8017
2859
18615
8099
6356
24217
15143
30132
27292
28177
30620
743
33085
1058
2449
31174
6633
2136
27935
3853
10595
26690
24502
4619
22760
14742
2567
28668
23877
2010
25754
31893
4869
3121
6791
3176
27337
21934
107
21428
8862
22678
14122
8746
23736
16570
31871
30368
18706
26605
26173
29300
12046
9426
718
26757
24168
28436
14177
14844
30446
6730
5488
2114
1802
12278
30441
29138
26163
30548
9317
26976
11977
23439
27673
2512
6808
26343
24832
17465
11699
9756
5516
23744
11133
31386
9253
27252
26621
23429
8895
23866
22110
6334
17931
23912
18612
15172
11801
3526
4471
13070
30502
16447
28460
24974
10911
27219
10069
27694
3436
21767
4249
8951
4263
15381
32288
13515
9433
25709
28895
10279
8326
17804
16613
18209
467
27176
25332
4220
22653
29802
17289
11906
5000
4500
28832
7862
31718
5700
2355
1953
27466
6603
2856
31728
13936
1943
12042
15320
19603
7736
17550
19881
17492
26114
4889
17958
12041
30220
22177
1494
18773
31417
13399
23772
2716
9030
23586
26386
14729
25940
28338
947
24495
31193
32674
30382
25088
3468
12501
11490
11203
22002
31370
20646
14916
3058
30556
26956
25229
11484
20401
10801
9701
25752
26525
4368
26733
16910
30753
214
1601
25891
1160
26095
15835
25785
23276
7722
29252
27728
11164
32407
16530
9333
19852
23397
4343
9159
9104
29571
20643
21457
32324
22295
14008
17600
26662
32692
26461
24215
32905
28061
8857
26016
20956
16643
18601
2983
16317
14652
30711
27480
5810
5992
3612
17614
21340
7954
26772
30443
29477
14214
18699
28600
3308
24658
4951
29970
24150
31411
12936
23854
26271
13744
8622
5978
22338
27222
8961
5454
625
31623
32933
6435
29566
28497
24048
17705
28402
17619
6899
24678
23785
25598
12029
27092
9007
16979
15813
33156
7141
20700
15762
212
26395
24383
6189
15533
10356
7101
12938
10980
30675
4623
9366
27040
33119
25365
11544
28320
9784
18443
11750
25520
2792
23778
11363
11798
32709
19128
3706
6649
6627
19467
32012
24974
2601
30153
32458
12956
4053
12195
23935
26680
16817
25253
20519
8687
17417
24015
3807
19152
1209
15556
11471
29152
31285
22834
7749
30793
8761
3406
29394
7339
22872
28205
32312
17424
25157
23521
30379
21162
2516
13066
6593
11284
5118
27111
19971
22534
9877
15729
8486
11085
31284
19956
7036
29368
1541
6737
18913
2253
2094
15106
9592
16918
2062
655
1141
19171
24176
31520
32284
18643
11385
5676
21878
16502
24738
8648
5835
1415
24376
6272
4451
14411
18180
11487
2531
19720
10175
21443
21973
12268
28500
23516
29185
22513
16122
22278
8483
32249
20597
32718
9643
31981
5193
31521
7234
29931
32120
5020
23297
15248
11292
27747
29658
21423
31185
24140
7942
111
4334
21866
4331
24785
12181
25467
14098
20255
14544
14532
19303
1940
14050
28946
25872
11194
27266
25057
33076
18137
30077
23172
184
120
17719
21794
21542
7655
12733
21435
7766
17067
10101
12096
8651
14233
4362
14700
1287
18906
29232
12542
20845
2033
8287
5469
13226
27504
30525
13102
12440
19353
3073
4576
11424
12743
26369
24917
20398
5901
5104
20115
14919
15204
32210
15522
21388
3371
30221
14627
14228
26252
27168
27025
28284
27406
32493
262
21709
21769
13363
26100
7922
8387
22627
11297
13082
15795
3014
279
13648
8117
20393
28566
15272
11354
2839
28611
6676
33060
10037
20904
18063
29156
14728
13147
23361
14020
5360
3821
27740
18722
21873
27613
19060
11299
5710
32141
19046
675
24371
32693
743
3515
20010
7966
14868
22849
3376
21544
14660
5365
9247
32722
1320
23974
4620
16633
29945
9979
12405
24484
28700
1077
10849
14560
4328
16558
5452
23373
9184
29823
14817
9926
137
1626
17891
15005
16426
13218
28500
31085
18582
4546
30607
11854
20471
27178
20438
9167
3957
32842
25602
24608
25871
3250
31119
22150
11759
3371
12322
20942
33193
19090
30867
25281
20715
7509
32237
29093
20727
27536
18929
31260
24033
8287
9913
11303
2265
22302
12421
6221
21944
29975
22780
6566
24
20699
28715
11783
24069
32988
24676
16013
18877
22343
45
31543
29851
32282
27435
9329
26617
5116
7389
17450
13402
9253
20704
15666
31555
25077
13838
12250
21851
3418
18815
21874
16068
6281
25608
32088
6068
17084
14900
24944
31378
14944
15238
19980
14025
9473
29309
32594
6540
28649
8795
19941
4701
29498
27559
28207
21374
8196
7256
1976
3565
26070
15802
19632
32350
8209
18519
30369
17244
25370
14064
15421
32266
29302
27353
13090
30726
23461
4435
4065
10861
13229
24005
15561
1479
18363
2520
14804
18511
9775
16780
14027
27797
32581
459
18898
32741
10929
16067
16785
3099
30130
24157
2164
26231
18309
7205
23756
521
3592
19772
11381
16820
10577
18894
10250
20891
21413
25054
31353
23139
8633
12180
17735
33165
12638
28585
32705
15518
11451
8241
18616
332
32398
12731
18515
9458
11888
1022
9979
15479
20794
13311
24250
23322
32204
1300
11012
12368
26353
1117
2307
26937
13296
11993
18853
17885
32529
18357
202
2731
18550
10770
3063
9699
23500
13529
19156
27339
14550
21086
1569
27295
1197
25819
17416
25352
27118
20380
29672
12222
21496
23930
31110
1591
27874
16762
11427
27203
27070
11628
29933
12419
22397
32995
22117
4649
5275
8073
31987
19825
21110
356
5871
22306
18126
23287
6410
3995
2418
2881
16216
15865
18762
6077
9407
13435
22838
20833
7437
16707
32460
4170
29126
13609
29116
9994
18257
1191
18066
8995
12967
31128
1302
18837
20233
19427
875
18594
15373
3292
13426
23540
11108
32187
29616
20514
12422
19253
8146
19858
27912
7406
15979
15789
12966
3847
25782
31222
5037
2600
32168
9955
527
270
20743
12711
11648
21618
31305
27021
16861
11530
17360
27969
10517
5728
15282
14890
16932
15380
26699
11643
14737
9478
19383
27702
5276
11965
25723
2264
6516
24690
12218
32194
16911
32960
11704
28559
13329
1760
14331
30190
5242
23642
16910
7710
29369
32191
22599
13101
14370
16097
16695
21058
17526
28030
15559
22801
31946
33
25064
5261
24723
29233
4254
385
20945
7909
28943
1073
9669
2025
23214
6862
25667
6923
14571
13787
31066
3969
26887
4187
12017
2334
25245
21495
30363
7603
3047
21060
7636
20063
26320
24310
16095
22525
24694
28991
22385
12389
30064
24005
14413
20077
30866
32031
18952
12236
12618
16817
8156
6304
21003
20173
589
13047
419
22903
12602
3465
10762
20237
23527
29033
11346
31574
18357
27991
27364
32694
7179
24227
23498
13544
3056
21164
12374
22007
199
24991
30775
8355
23247
18577
20479
23835
23576
20897
5490
2977
24361
16251
15165
6640
12084
18462
5013
22392
13252
32376
21885
12383
23403
4135
25926
18410
25298
30251
32368
17448
22042
29942
17754
12088
15318
5032
27874
30845
17880
25315
25773
9041
8366
7737
7632
12401
26198
12644
26744
31402
11819
7381
2536
27173
11515
20413
4334
28764
17463
3501
13011
6304
242
30765
10343
7512
27748
30169
5156
12428
22283
30929
13420
22600
30617
21051
26952
15567
494
12448
13768
4264
11780
8255
31437
15246
28667
2570
10809
12929
31223
23819
11185
31464
13335
21527
5775
7883
10447
2883
20310
24682
25763
529
14081
23179
13531
32985
30697
14024
12232
3216
18287
15963
11470
8475
31208
6936
2997
8816
19865
1019
24586
31049
24434
4721
11327
30209
4555
13726
25043
24864
5207
17605
17344
11239
32735
30874
11023
30232
3649
15206
247
13887
31168
11717
22362
29175
10604
17310
29942
30468
18328
21328
20268
1513
18000
23547
23673
22554
4072
15515
6169
9278
25071
15464
20516
24606
5089
23491
13589
8737
5496
5787
22623
28616
17503
3736
24590
20059
21045
21332
17326
31324
1411
29546
32837
19410
19892
23309
8763
23963
30776
6883
25192
22646
22346
4459
6003
27434
27949
11543
2970
25397
17330
17544
20812
26784
21280
4153
13642
1076
17436
30968
24352
18846
19265
15940
5055
5956
31200
5769
21870
28775
12651
5813
10173
1796
10271
16175
21181
5020
27718
24150
30416
11847
446
9979
5430
13677
14131
11024
6704
31567
743
31055
17212
20007
13794
14219
17914
3746
19987
31735
32520
24590
4347
9492
18337
