162 163 161 159 161 154 155 154 154 159 166 173 167 161 154 117 94 102 103 103 107 109 107 106 109 105 117 121 120 121 129 132 135 130 132 127 129 129 128 135 130 133 130 133 134 130 136 133 132 133 133 132 131 129 131 129 135 130 130 131 132 134 132 133 134 128 128 131 131 135 126 133 131 131 124 125 124 121 112 102 116 135 145 153 162 155 153 151 154 154 154 150 153 152 151 152 154 154 158 156 158 205 213 217 210 152 100 104 119 121 118 121 124 123 123 121 129 124 123 117 126 123 129 119 115 120 167 155 
163 159 156 156 154 155 153 152 154 164 168 171 169 159 138 107 89 92 96 111 105 106 104 100 106 114 109 114 120 123 120 128 128 125 128 129 133 131 131 130 136 135 134 138 130 133 129 133 134 133 132 133 130 129 129 128 132 128 129 131 130 133 131 131 133 129 128 132 131 125 126 133 130 125 129 124 124 119 111 103 114 125 144 154 157 155 152 153 157 153 155 153 151 156 155 151 154 156 155 154 152 199 212 217 216 178 105 108 115 118 120 126 125 117 124 122 123 124 119 125 126 120 124 126 117 129 122 63 
155 155 157 158 153 157 153 150 155 167 167 172 164 158 133 113 89 95 97 104 102 99 110 103 101 108 108 120 123 121 123 130 133 126 130 131 132 125 129 133 134 137 132 133 135 127 133 131 129 130 133 129 135 128 130 126 128 129 127 128 128 128 129 128 130 132 129 126 129 129 127 126 129 128 128 127 119 117 114 110 103 119 139 150 159 163 155 152 155 158 155 157 154 153 157 153 154 155 155 153 149 168 205 216 218 207 140 100 109 117 116 121 121 119 120 120 124 117 121 126 124 130 124 132 130 91 49 50 
159 158 151 156 154 154 152 156 165 170 167 168 164 158 135 113 93 95 99 104 107 110 106 104 102 105 111 113 118 122 122 131 124 127 133 134 128 130 129 130 127 129 131 134 130 134 130 128 131 135 134 136 130 132 130 132 133 131 126 129 132 137 130 132 136 131 125 128 132 125 130 127 123 130 127 124 122 121 117 110 107 109 127 147 154 159 161 159 160 165 163 158 157 154 157 153 153 150 153 153 155 148 194 212 218 219 190 102 106 111 113 120 117 119 118 124 116 125 126 122 122 126 127 130 89 49 49 48 
159 154 153 161 159 154 154 161 166 164 166 161 163 153 134 109 94 92 102 101 100 103 108 103 103 108 114 113 117 125 127 128 131 131 130 129 128 132 129 127 130 130 130 132 137 129 135 130 128 137 131 130 131 129 128 130 135 127 126 130 135 135 131 130 129 134 129 126 129 129 126 125 128 126 123 130 127 123 117 115 113 102 119 139 154 160 166 159 159 163 161 163 158 160 154 154 158 154 154 152 151 148 153 204 218 219 212 155 103 107 110 120 121 120 129 123 133 121 125 125 134 134 128 83 39 45 49 46 
155 156 152 158 157 157 154 161 166 161 168 162 158 152 137 120 92 95 98 97 102 99 108 104 103 105 116 117 124 119 125 122 124 129 129 132 127 130 128 128 133 133 130 132 131 132 125 130 136 132 130 132 127 127 128 127 129 125 128 128 131 135 130 130 131 130 129 132 130 124 126 129 127 129 124 127 121 123 122 112 116 102 108 136 151 155 158 160 163 160 162 163 163 151 154 156 154 152 151 152 149 149 144 183 209 217 219 203 107 106 115 120 118 121 123 118 117 126 132 130 134 133 71 40 44 47 47 51 
153 155 155 159 156 155 160 165 166 166 160 158 161 150 140 108 87 83 97 103 107 103 101 100 102 108 108 113 122 125 123 125 131 131 131 128 130 124 130 128 131 126 130 126 132 126 136 134 130 127 129 125 128 126 131 129 124 126 126 128 127 133 128 130 131 133 128 127 129 127 126 130 128 127 129 126 124 121 126 108 107 105 112 130 144 157 162 160 162 158 156 160 160 158 155 153 151 152 152 152 152 150 148 145 203 216 220 219 178 104 110 116 121 121 122 119 129 119 127 133 136 82 47 38 46 45 55 47 
158 156 159 163 159 162 166 168 165 165 160 158 163 157 138 113 92 90 100 101 104 99 103 102 102 101 106 113 117 122 126 121 125 126 131 124 127 129 131 128 130 129 131 127 132 125 124 132 129 130 128 123 121 119 123 130 128 127 125 125 132 128 132 130 127 130 124 126 131 127 126 129 123 125 130 128 132 122 117 117 113 108 116 133 147 152 158 164 161 154 154 158 157 157 155 154 154 152 160 156 151 151 149 143 179 210 216 221 210 127 114 119 117 125 115 122 120 128 134 130 74 44 48 40 41 52 49 57 
160 156 162 159 160 165 166 167 165 160 159 157 159 153 133 109 81 97 98 105 107 107 103 103 105 104 110 116 114 122 123 127 126 130 127 130 130 127 127 133 134 126 130 132 130 129 130 130 129 129 124 122 126 117 124 124 132 121 126 126 126 127 132 128 133 131 132 126 129 127 127 126 128 125 124 127 126 124 117 112 116 108 116 129 141 153 156 157 164 159 156 156 158 156 159 155 155 156 154 156 152 153 145 144 141 201 215 222 222 192 105 106 113 117 121 121 128 130 130 75 40 42 55 51 45 49 51 50 
160 157 158 162 163 169 165 162 164 162 156 160 162 152 140 112 80 87 93 99 102 102 101 102 103 104 108 115 118 120 117 125 123 127 126 126 122 124 123 128 126 129 126 129 126 129 125 127 128 127 125 124 123 122 118 126 122 119 118 118 125 125 125 129 128 130 128 128 127 125 125 125 123 125 126 126 124 118 118 127 109 104 112 126 141 147 152 155 159 156 159 157 160 155 155 154 158 156 153 153 153 153 145 143 138 163 210 221 222 217 157 97 110 114 118 123 132 128 75 48 41 46 50 61 53 50 44 51 
157 157 159 165 167 162 165 159 159 165 155 161 162 154 135 104 89 89 100 99 107 101 105 107 105 103 110 114 120 116 122 126 121 128 129 123 124 127 127 131 123 131 130 128 127 130 125 129 129 124 127 128 123 125 125 119 122 120 118 115 119 127 127 129 134 128 127 128 127 137 125 132 127 125 128 129 125 122 121 114 120 109 115 124 132 143 148 153 151 157 153 156 154 152 153 153 153 154 157 152 146 145 150 145 138 140 196 217 222 223 203 107 108 106 107 122 129 81 43 41 43 54 59 51 49 47 47 40 
158 162 162 167 164 154 156 152 152 161 164 157 161 154 141 105 86 93 95 105 109 103 100 101 103 103 111 116 124 121 126 122 121 125 122 121 128 129 125 128 129 126 147 129 131 126 126 123 140 122 123 127 141 134 156 184 186 177 183 167 127 118 119 123 127 125 124 125 133 127 125 125 125 127 130 127 125 119 115 111 110 106 117 127 136 142 148 149 151 154 156 155 153 152 152 154 157 155 152 149 146 144 141 142 144 141 157 206 220 224 219 171 102 109 116 124 82 43 49 42 48 59 55 55 42 53 46 44 
162 160 166 174 161 151 144 147 153 164 159 161 164 157 135 108 81 92 99 98 105 104 102 106 102 110 113 109 121 123 121 122 124 125 131 127 127 133 129 130 128 123 124 127 130 135 124 121 131 153 155 153 142 164 158 166 175 169 178 185 185 193 171 128 114 122 123 122 133 129 129 125 125 125 123 125 126 117 120 112 110 106 112 125 142 142 142 145 150 149 154 153 155 153 153 151 155 152 146 150 143 143 145 142 140 141 145 188 214 221 226 210 128 117 128 71 37 42 44 46 49 55 59 54 46 43 47 47 
160 162 166 166 157 144 128 137 155 162 165 162 161 160 138 108 81 86 92 102 106 94 106 99 101 108 112 117 122 127 123 125 128 125 121 127 139 127 130 122 125 122 128 128 124 126 130 151 139 161 133 148 153 171 159 167 172 187 177 181 184 173 195 192 193 131 116 117 124 129 125 131 126 128 123 118 122 117 112 111 115 106 108 125 139 144 142 144 146 149 152 158 153 151 148 147 150 147 146 142 147 140 138 140 140 142 140 138 204 220 223 227 200 121 79 38 45 52 52 55 55 45 51 40 50 49 47 47 
162 163 173 162 150 125 119 140 155 164 167 163 165 154 135 104 77 85 96 92 97 105 103 98 107 106 110 118 122 123 120 124 116 129 128 125 128 125 129 130 119 123 142 149 136 115 128 137 152 149 143 143 154 163 160 167 160 175 171 169 189 187 178 193 195 200 189 113 117 122 125 122 120 123 126 122 118 114 111 109 106 107 115 128 136 147 142 144 152 150 146 152 153 149 147 148 143 143 143 141 143 142 142 138 137 138 138 137 172 213 223 227 222 132 45 38 43 41 55 56 48 59 50 47 51 49 47 44 
162 171 164 150 135 101 115 141 158 166 161 163 165 158 137 111 82 82 87 91 98 91 96 100 98 104 115 116 117 124 120 115 121 122 125 123 126 126 129 126 129 143 134 118 121 120 127 141 131 136 133 141 157 143 163 167 155 173 181 179 181 192 176 192 193 194 195 198 140 117 113 120 118 120 120 119 119 114 112 108 101 98 112 129 139 147 147 145 146 149 145 149 153 148 145 141 144 144 148 140 138 143 139 142 143 141 142 141 141 198 220 228 226 55 39 46 48 52 52 53 52 45 49 47 46 45 42 56 
170 170 161 146 117 81 108 142 161 166 163 161 165 154 140 113 77 81 90 93 98 96 98 107 98 103 102 109 117 114 115 119 121 127 121 121 125 121 125 168 106 125 111 115 120 122 135 130 126 133 129 134 149 149 151 154 186 162 173 190 186 187 195 177 193 189 196 194 192 186 106 109 115 115 115 119 116 114 108 107 107 100 108 129 139 149 154 145 144 149 143 143 145 151 145 141 143 141 145 143 143 140 141 142 144 143 145 140 145 150 216 222 153 43 43 41 44 59 60 59 45 47 53 41 46 46 59 34 
171 165 152 132 85 74 114 139 160 166 164 170 167 156 139 108 80 78 84 92 107 107 100 98 99 106 106 113 115 114 117 118 121 120 122 127 126 124 134 108 109 118 115 127 123 120 133 138 134 129 128 129 135 145 155 156 169 187 168 174 190 172 192 185 194 196 201 193 198 200 201 111 96 103 110 113 110 110 112 105 110 98 109 125 140 150 151 149 143 140 138 142 140 146 146 142 144 144 146 142 141 143 144 143 145 144 142 146 145 151 200 137 39 44 44 47 48 48 55 44 58 56 54 47 48 63 38 34 
170 161 144 112 77 79 116 138 160 171 168 162 164 152 134 109 80 82 86 91 97 101 106 101 98 107 105 111 114 118 113 119 120 120 119 121 124 121 125 113 113 105 112 121 127 111 130 138 139 144 133 141 144 149 158 155 156 158 182 175 187 179 195 189 194 201 196 193 198 199 196 200 114 99 94 103 107 110 105 106 102 103 106 127 148 152 159 152 148 143 132 128 124 141 153 145 141 150 148 141 144 139 143 148 144 146 149 148 150 157 113 45 43 41 41 59 53 46 45 40 53 57 53 53 68 47 32 121 
162 155 128 81 84 80 119 140 158 169 168 166 164 156 139 111 70 75 85 96 99 104 97 100 101 108 105 111 118 113 113 114 119 119 123 123 121 153 112 107 104 111 120 115 126 135 124 127 126 133 129 119 139 144 159 155 162 156 189 187 194 189 180 187 182 198 186 196 184 209 213 218 227 228 91 89 103 108 99 104 100 96 104 130 144 147 155 155 157 148 127 105 114 126 142 149 143 147 149 143 146 140 143 143 141 145 149 151 152 139 50 47 38 39 50 51 50 43 43 57 54 44 48 57 62 41 91 163 
158 138 103 83 84 87 110 143 157 171 165 164 162 155 138 103 77 80 91 97 102 98 94 98 103 106 103 110 110 113 118 120 118 123 119 124 127 122 115 104 112 120 121 124 117 122 118 125 124 138 125 132 121 141 140 157 173 166 196 179 187 192 180 194 184 179 187 210 209 210 216 211 214 224 205 75 94 98 100 97 98 97 104 128 143 154 150 153 152 144 131 89 81 107 133 147 145 140 144 143 145 141 145 144 146 148 147 156 148 55 47 40 46 46 51 54 49 49 52 59 54 45 59 70 57 83 149 160 
148 116 79 85 87 91 112 143 160 168 171 167 162 155 134 106 79 81 91 92 101 99 100 103 99 102 105 110 112 114 115 118 122 120 121 122 130 104 109 113 121 115 120 122 121 125 122 134 136 140 135 134 130 134 145 157 156 157 196 177 181 194 165 165 201 219 209 204 208 207 205 212 206 215 221 167 79 97 95 94 94 98 104 124 140 151 154 154 151 144 131 96 57 85 123 139 147 143 142 150 141 145 144 149 144 140 148 158 94 36 42 37 44 62 56 52 38 51 56 41 50 72 69 70 80 141 144 149 
134 90 84 89 90 85 112 141 156 165 167 165 166 150 130 106 79 84 94 95 92 103 107 103 96 101 109 107 113 116 118 125 122 124 115 130 110 110 107 113 117 119 112 119 114 123 125 123 136 138 145 141 138 142 154 145 153 149 187 180 191 154 181 207 214 203 204 197 207 204 201 205 209 216 220 218 112 80 90 90 99 94 100 125 138 153 155 153 152 150 136 100 51 52 102 127 149 151 140 143 142 140 142 146 147 145 154 126 42 72 44 52 55 56 54 44 43 60 51 48 63 60 74 90 133 151 139 148 
110 81 88 92 87 84 113 139 153 163 166 170 160 155 132 105 78 80 92 100 102 94 95 93 99 105 103 110 108 115 122 120 123 123 129 118 106 123 110 113 117 115 111 110 119 132 118 123 137 142 144 146 141 121 145 148 160 153 176 160 160 207 207 196 203 215 209 201 196 199 209 218 208 207 218 227 227 84 72 86 87 89 101 130 143 152 153 152 155 147 134 96 46 43 79 120 142 148 150 148 145 149 145 141 146 149 152 56 38 43 51 55 49 53 46 43 59 46 49 49 56 80 93 135 149 149 135 164 
87 88 91 91 90 85 107 136 154 164 165 166 163 152 131 105 77 77 95 97 95 100 100 99 105 104 112 110 114 116 115 124 119 122 119 112 118 110 113 115 123 125 123 125 124 138 137 120 133 139 150 143 133 141 145 150 152 164 122 183 197 201 202 208 195 197 196 204 207 196 195 201 205 209 211 210 218 226 146 67 73 87 98 125 141 155 154 154 153 147 137 100 51 44 48 96 124 143 147 147 141 142 146 150 148 155 102 36 40 49 68 53 51 48 43 55 51 41 50 51 57 69 130 145 151 136 162 165 
90 89 88 93 91 88 111 140 157 165 165 167 162 153 131 110 77 78 92 94 95 93 101 100 104 104 110 113 118 118 117 118 121 140 106 102 110 111 113 105 109 115 117 113 139 135 138 142 132 143 151 139 133 126 146 147 147 134 199 196 194 189 195 198 196 200 186 197 194 210 206 206 207 210 208 205 213 212 225 151 67 79 93 127 141 155 153 152 154 154 136 102 52 41 42 70 103 132 148 147 140 140 143 149 155 137 51 37 42 53 55 53 58 50 53 70 44 48 52 49 62 121 144 145 140 158 164 163 
84 89 93 94 89 89 112 136 156 164 162 171 164 154 139 106 80 79 87 96 94 97 104 94 93 102 105 111 111 118 113 116 124 124 105 103 108 113 110 112 112 115 125 132 125 130 142 140 128 142 140 144 125 114 127 123 182 174 197 199 195 198 182 198 186 195 203 205 206 200 202 200 208 204 208 207 216 215 222 221 69 68 87 122 142 153 153 157 153 147 133 106 56 40 44 44 85 119 135 148 141 137 143 148 152 54 44 44 41 53 53 51 50 45 58 42 45 48 49 57 110 149 140 136 153 164 166 162 
88 92 89 95 86 87 112 143 159 162 165 161 162 154 142 107 76 79 86 94 98 98 100 101 101 102 105 110 113 116 118 105 198 104 98 102 107 117 109 111 118 123 123 131 132 136 140 137 115 142 147 131 130 102 121 172 182 190 178 182 194 197 185 197 196 202 202 205 206 209 205 203 205 204 205 206 210 213 215 226 204 55 81 120 140 149 151 154 156 150 130 105 57 43 40 39 51 91 119 141 155 132 144 151 103 43 48 49 46 55 56 54 43 58 46 45 60 48 40 92 147 144 134 154 157 161 159 161 
97 91 89 89 86 83 108 139 151 164 163 164 163 153 142 109 83 81 92 95 90 95 99 101 101 120 108 103 110 114 113 105 194 101 109 105 109 112 117 107 125 117 118 121 137 131 138 139 118 138 125 127 109 155 186 188 186 180 188 183 162 185 194 200 195 196 201 206 202 205 207 197 202 203 207 212 202 212 214 225 226 104 73 109 140 151 152 153 153 153 140 98 56 40 45 37 35 73 205 218 205 205 218 176 41 50 65 50 53 51 57 55 59 50 44 54 48 43 76 135 148 139 144 160 162 160 161 159 
90 93 84 90 87 90 104 134 154 163 163 161 164 153 136 107 69 80 85 87 95 93 99 96 101 104 102 107 111 108 99 163 154 106 99 105 107 117 111 116 127 121 127 127 137 137 125 139 136 106 109 108 167 182 173 174 180 174 180 187 187 181 192 190 196 204 192 199 203 187 200 205 201 207 202 209 209 210 209 213 226 206 66 110 139 149 153 155 154 155 136 101 56 41 42 38 107 217 203 202 216 227 231 220 42 43 44 59 53 60 55 51 54 48 56 51 45 45 127 148 145 143 165 168 160 161 156 158 
85 84 89 94 94 89 105 132 152 162 169 167 163 156 133 101 73 70 80 95 93 104 105 95 104 100 107 104 115 111 101 213 167 99 100 104 103 126 109 107 107 126 130 116 128 117 137 137 130 111 119 159 184 178 159 165 191 172 186 185 189 184 186 185 196 197 196 181 202 201 200 203 200 194 197 207 203 204 202 208 216 221 105 104 139 154 152 158 153 150 133 104 43 32 35 178 215 161 211 219 218 216 222 233 65 44 44 48 56 44 49 53 47 45 50 49 52 104 153 142 139 157 161 160 159 160 153 156 
92 91 93 96 98 85 108 138 153 170 165 166 167 154 132 108 73 72 87 95 100 97 104 102 100 101 102 114 109 113 105 210 141 93 108 104 115 113 112 108 126 134 124 113 133 133 114 126 118 137 170 186 168 162 176 160 186 181 182 182 198 197 181 185 186 175 197 203 195 197 185 204 198 201 198 202 208 208 203 204 207 214 214 87 134 150 152 158 155 150 130 96 37 42 201 209 148 212 217 210 210 208 212 229 146 42 41 49 49 48 44 43 49 52 55 47 69 145 149 143 156 161 157 158 157 156 156 158 
95 97 99 98 95 98 109 139 154 164 170 170 166 157 139 104 77 77 86 98 104 100 100 105 97 109 102 107 115 106 109 212 139 94 104 104 96 114 119 129 117 120 123 113 132 149 128 101 137 172 172 156 168 168 161 178 182 171 189 180 183 190 191 184 169 189 188 199 198 191 198 189 202 196 206 179 197 203 205 207 206 208 213 199 128 147 152 155 152 148 120 70 114 218 196 184 216 213 210 202 203 208 218 226 142 39 46 57 52 45 43 42 55 47 41 56 129 153 145 153 160 159 157 159 159 157 153 156 
97 100 100 98 97 96 106 137 154 164 167 167 170 159 143 106 77 82 86 97 100 101 104 105 99 103 105 108 119 105 144 206 119 100 94 96 110 112 114 119 101 128 126 117 122 127 102 141 165 149 157 150 151 178 171 170 181 190 172 176 181 181 163 183 176 190 180 190 197 191 201 196 199 195 168 194 199 204 201 203 199 198 204 211 205 145 154 152 152 134 111 199 207 189 197 212 209 201 201 200 202 210 219 224 90 38 48 45 55 52 46 51 54 51 31 92 156 150 147 157 161 159 164 157 156 152 157 157 
104 101 97 98 98 97 110 139 150 167 165 171 167 160 140 112 80 78 88 93 100 102 103 103 96 103 102 106 107 98 193 178 132 111 95 105 98 95 118 119 109 124 123 109 117 105 136 153 145 149 156 134 156 173 178 178 168 172 190 171 169 159 181 188 182 180 194 179 193 190 201 204 179 177 188 199 198 198 200 200 201 197 192 196 203 146 155 150 143 193 213 183 171 204 210 206 199 200 201 204 209 216 219 219 46 43 47 44 47 49 45 49 51 45 56 139 156 142 154 162 160 158 155 158 158 155 157 153 
101 100 98 97 97 92 108 137 154 164 168 171 173 162 143 104 80 78 88 93 94 99 102 103 102 99 106 107 104 94 221 175 135 106 106 105 99 105 117 112 118 121 115 125 111 160 149 147 144 147 129 160 163 171 170 170 166 181 189 178 157 176 175 177 181 167 179 182 179 182 155 172 190 187 182 189 190 197 191 194 186 193 181 187 195 188 153 169 206 191 201 197 212 205 196 203 198 202 203 207 205 213 221 222 52 51 53 44 48 41 52 51 54 66 105 151 145 147 161 158 162 160 158 160 156 149 153 152 
99 100 98 99 96 97 112 139 154 165 172 173 173 163 145 109 79 77 84 92 98 102 100 97 96 99 103 105 101 88 220 181 141 116 98 111 96 107 117 111 116 125 126 108 152 149 149 134 154 126 148 163 168 165 160 175 177 159 155 172 178 166 182 172 176 169 171 192 192 176 174 182 191 180 192 195 193 182 185 185 186 185 185 191 186 193 199 201 190 189 206 204 205 201 202 199 204 205 203 194 211 211 222 222 35 39 44 70 46 39 46 54 62 88 143 148 143 157 162 162 157 158 158 157 152 156 151 157 
103 95 99 97 96 98 112 135 155 171 173 173 176 167 140 111 74 77 90 98 101 100 99 100 94 101 100 103 107 93 213 194 148 131 130 112 103 107 124 105 115 127 114 141 148 141 144 135 135 143 143 154 160 153 173 179 160 150 178 176 168 175 168 179 171 169 169 172 184 180 177 169 184 193 187 192 180 178 169 184 187 179 171 162 191 195 165 197 198 212 206 191 199 201 197 203 206 205 185 185 206 211 218 182 32 47 45 50 45 45 58 43 59 124 151 144 149 158 159 160 161 158 158 158 154 157 156 154 
98 96 93 91 102 94 112 140 155 169 171 174 173 164 142 115 76 83 87 91 100 101 94 98 99 99 103 107 99 95 210 185 162 145 133 104 100 108 116 112 115 102 148 141 138 134 121 130 148 154 155 134 143 160 159 158 147 175 176 166 163 175 173 171 154 176 157 172 183 170 176 187 171 191 187 174 179 181 165 162 178 162 178 208 171 186 196 206 204 203 196 198 199 198 202 203 206 202 157 167 204 196 210 42 41 44 48 54 50 49 50 48 82 149 149 147 160 159 161 155 162 157 157 160 158 162 157 156 
98 100 94 94 92 101 105 136 157 170 171 172 173 163 145 106 84 83 97 94 98 95 95 100 99 105 100 100 102 93 202 180 158 143 138 125 105 104 101 115 100 140 140 127 133 117 130 150 156 141 139 157 141 139 165 158 171 171 164 171 173 160 174 161 168 168 171 147 172 171 176 175 185 176 177 175 163 185 173 163 160 198 179 189 195 209 201 198 186 195 192 199 199 200 201 207 201 164 157 188 137 186 214 50 60 50 54 48 41 44 50 78 134 149 144 159 156 159 152 161 158 159 158 156 158 160 158 156 
100 94 95 96 95 94 114 143 159 168 172 169 174 164 147 109 73 77 92 100 99 100 94 98 99 100 99 95 94 97 200 184 161 153 144 134 107 108 104 93 147 139 123 139 106 118 150 144 151 151 134 145 154 143 145 167 148 153 176 161 160 165 162 169 159 144 160 166 168 164 169 174 174 175 166 175 163 170 156 189 176 184 195 208 205 199 193 194 191 196 199 201 198 200 203 207 192 162 180 132 167 182 155 39 42 52 47 43 48 44 67 108 155 147 146 160 163 161 158 155 158 156 159 158 154 159 154 155 
93 91 93 99 96 100 114 138 161 169 170 171 170 162 148 109 81 80 92 100 98 97 97 95 97 100 95 101 90 121 203 194 172 163 139 157 130 104 95 131 142 136 142 105 122 151 141 141 143 131 146 153 136 150 156 152 156 151 159 145 163 169 169 136 161 163 152 169 162 162 171 170 170 162 168 162 151 174 201 171 185 193 197 195 180 191 194 197 193 200 202 203 203 203 207 208 152 178 145 172 143 215 43 42 50 52 44 48 56 47 70 143 154 143 158 162 159 159 155 155 156 156 158 153 157 155 158 158 
96 98 101 94 98 108 122 139 161 171 173 174 170 163 150 107 74 77 92 98 96 96 92 100 97 99 96 95 84 144 208 193 168 153 141 151 119 91 137 138 122 131 104 121 149 135 136 142 128 136 151 122 150 168 158 145 150 146 150 126 143 107 143 155 161 157 160 164 166 161 159 164 161 164 139 147 195 176 174 196 204 186 187 190 190 195 197 200 199 203 201 204 205 208 210 171 172 158 110 108 176 219 40 45 54 45 50 72 49 54 106 157 147 147 158 159 159 157 155 154 157 154 156 154 155 159 151 154 
101 100 100 99 101 105 117 139 159 168 172 170 173 170 149 110 82 72 88 98 94 97 96 103 98 99 101 98 88 145 210 198 152 152 132 138 133 128 129 123 135 122 122 146 143 134 134 129 134 153 120 151 151 136 95 135 118 109 78 86 166 163 113 95 136 161 156 146 153 153 118 85 129 148 160 198 176 196 204 196 198 194 191 189 194 202 199 201 201 204 202 203 207 211 210 159 117 86 96 155 217 91 39 45 43 42 51 54 49 63 141 152 145 159 161 161 160 157 160 153 159 156 157 156 154 153 151 154 
99 97 101 100 101 104 125 139 154 172 170 176 171 163 146 109 75 79 86 90 96 106 99 105 101 97 99 97 86 125 210 191 175 148 130 143 149 112 123 121 113 126 143 135 136 134 131 128 133 129 145 145 138 139 143 113 102 73 63 63 147 162 137 132 110 83 96 82 67 59 55 64 43 181 162 159 194 198 199 190 200 193 193 192 196 201 200 202 200 205 206 205 207 179 128 80 87 95 130 200 207 36 36 46 45 41 45 54 46 104 151 145 149 162 157 157 159 159 156 157 157 155 155 154 154 154 155 152 
98 101 98 106 99 107 120 144 161 171 173 174 172 166 152 114 75 79 86 102 103 96 102 99 101 102 98 96 86 93 202 184 182 154 129 140 118 112 112 112 110 135 141 137 135 133 132 131 130 139 141 143 108 143 114 128 111 143 107 85 88 139 76 55 65 95 61 85 48 35 71 99 183 133 185 202 198 192 191 192 192 197 192 194 197 197 199 195 211 205 208 148 89 86 89 88 101 141 184 213 44 47 50 44 46 41 52 43 55 139 145 143 161 158 161 157 162 160 157 156 155 154 152 154 155 156 157 153 
99 101 103 100 99 106 121 139 159 173 171 169 173 166 148 112 78 80 90 93 97 94 94 97 98 94 94 95 93 78 205 193 186 151 120 163 150 123 110 110 129 146 139 124 125 129 136 127 129 140 131 109 135 123 126 117 82 58 57 60 95 124 116 127 90 55 44 118 45 29 60 192 115 195 191 190 198 188 192 193 188 196 193 192 197 198 204 199 210 172 86 89 89 89 100 120 167 198 196 43 43 47 48 43 42 51 54 43 90 148 142 150 162 163 161 159 159 163 157 159 159 154 154 156 152 152 154 152 
105 101 97 101 100 104 123 144 156 172 171 170 172 164 147 110 73 75 101 97 94 99 100 101 98 100 94 101 96 74 212 192 186 150 136 146 146 132 102 118 130 142 133 127 126 133 121 133 137 131 105 132 125 97 63 71 83 54 55 73 91 100 50 88 74 107 33 105 30 93 173 114 183 188 179 185 190 191 185 189 189 189 191 193 195 197 202 185 85 129 98 85 103 136 156 167 182 206 38 44 44 51 49 42 42 49 57 50 131 151 142 163 163 159 161 159 159 158 161 158 157 153 155 154 153 152 151 147 
105 101 104 100 100 101 118 140 155 168 167 172 171 166 147 109 77 75 82 92 97 105 101 97 100 95 95 99 99 84 130 189 182 180 153 133 120 105 115 137 136 126 121 128 135 126 120 139 133 143 115 132 70 56 111 47 49 42 43 127 85 48 65 81 87 34 36 65 121 152 130 199 192 180 180 185 182 186 181 189 192 192 189 196 198 192 67 77 107 140 160 158 163 164 168 181 211 38 37 50 55 60 48 47 50 49 43 89 151 150 144 164 165 163 167 159 162 157 159 162 156 156 154 153 156 151 150 150 
105 105 105 98 102 102 121 140 156 167 172 171 174 163 147 114 75 74 88 94 94 101 95 97 95 101 99 101 99 89 86 201 197 194 179 174 155 117 131 137 130 119 124 129 126 119 142 142 99 120 117 58 86 64 55 47 47 39 102 59 43 55 78 118 34 118 32 140 136 141 181 198 181 180 184 177 179 180 181 187 186 186 194 192 90 87 64 128 121 138 161 167 170 175 187 207 39 41 44 47 49 52 49 45 49 52 53 119 146 144 161 164 165 161 163 163 164 160 158 159 155 156 157 154 156 153 151 149 
110 113 104 100 99 102 115 138 159 172 170 170 172 163 148 119 73 73 86 87 90 98 96 96 103 95 96 105 106 102 86 198 211 189 174 176 95 143 132 129 110 123 124 119 124 141 138 119 55 67 83 76 86 65 40 106 39 47 53 40 54 91 62 59 99 33 145 123 153 195 195 189 186 185 178 180 174 181 177 189 192 191 183 113 80 69 117 115 108 98 151 166 173 188 173 41 32 45 49 56 52 52 47 47 48 49 68 135 137 145 167 163 169 164 162 162 162 161 163 157 158 153 159 156 158 153 149 153 
109 102 105 102 99 94 111 136 158 167 173 174 173 172 148 119 73 77 86 92 101 99 98 100 96 98 101 103 105 103 94 84 224 188 184 174 135 117 133 116 123 128 130 116 112 136 127 117 95 78 70 94 43 41 66 77 42 47 58 42 49 53 63 41 137 144 65 130 190 191 193 183 178 180 186 173 172 183 181 185 178 188 194 172 92 67 91 95 144 121 148 178 205 113 47 42 42 54 57 50 55 49 44 44 58 58 98 138 120 154 167 167 161 159 162 165 163 161 158 162 154 160 159 159 157 154 153 153 
107 109 100 106 99 93 103 133 161 169 171 173 175 172 150 114 76 74 82 89 94 95 95 97 96 98 105 108 109 105 108 89 158 203 191 153 129 114 112 113 130 117 105 124 137 137 108 59 75 92 104 66 52 42 81 70 56 41 53 47 62 52 84 77 106 138 150 167 184 183 181 174 175 175 178 174 171 178 177 192 196 197 202 192 140 87 64 82 64 133 138 157 82 43 46 51 47 57 54 55 59 42 49 52 43 63 126 130 125 165 170 164 164 165 168 165 160 163 162 161 159 160 160 157 156 154 154 151 
106 105 101 100 99 90 104 132 151 168 171 172 173 167 151 117 76 78 82 94 97 98 102 95 96 99 101 103 115 110 111 95 126 212 202 181 123 126 106 121 121 131 138 125 118 118 99 70 53 45 99 67 65 50 58 106 73 45 49 46 50 44 64 120 93 140 157 177 176 185 169 164 175 179 175 176 171 186 193 193 197 199 195 194 155 94 59 60 78 134 149 145 73 42 38 45 61 52 64 57 52 50 45 50 56 89 136 122 141 162 165 165 166 159 162 161 165 160 162 158 163 157 154 158 160 151 151 152 
107 108 107 102 100 94 101 129 155 167 172 176 173 170 153 117 78 72 84 94 100 103 98 98 98 100 104 108 116 113 112 97 129 219 217 116 118 116 121 109 114 131 131 118 92 60 56 53 50 46 73 62 84 46 66 70 128 41 48 47 33 40 124 77 163 152 179 182 186 180 165 159 171 180 153 165 186 196 199 198 196 198 201 196 168 103 66 47 83 92 136 157 44 45 45 46 50 61 72 62 48 51 46 49 55 120 136 125 154 160 163 166 164 163 161 160 159 162 165 158 159 161 156 159 158 156 156 153 
107 103 96 98 101 90 104 134 158 165 173 176 174 168 153 119 71 83 84 90 97 102 101 100 97 100 103 108 114 119 109 106 99 219 202 105 104 119 120 123 132 106 114 120 104 42 96 40 46 42 48 85 62 63 89 60 141 61 61 35 32 154 108 184 162 141 177 188 189 170 162 158 182 159 167 175 186 196 198 201 200 203 209 209 185 115 76 41 65 62 147 153 44 42 44 51 53 63 63 57 44 50 60 45 78 143 132 146 154 149 152 158 161 162 162 166 160 162 162 160 159 158 156 158 159 156 151 147 
101 101 106 103 98 97 100 135 156 169 174 172 174 174 150 119 85 77 84 88 94 101 107 107 105 99 99 108 113 118 114 107 98 227 166 106 119 102 126 130 123 90 71 56 82 44 74 41 69 59 45 52 61 51 99 55 80 41 36 33 154 107 180 165 167 141 162 192 182 167 171 173 146 162 173 186 195 195 200 200 203 210 210 211 196 138 87 45 42 82 151 165 51 50 53 54 56 58 67 55 43 49 54 43 113 141 131 159 157 151 151 150 151 151 151 159 161 162 157 163 159 155 153 157 158 153 154 149 
103 103 102 103 98 92 106 134 153 170 175 170 178 169 152 128 84 83 86 99 102 103 99 101 98 99 106 118 113 120 116 118 110 124 200 118 103 125 118 134 128 103 62 53 40 40 61 41 46 51 54 49 59 60 89 101 61 111 28 133 120 175 173 176 178 143 169 199 176 173 162 145 159 171 170 189 192 197 203 204 204 209 210 211 203 159 85 44 34 65 146 171 56 51 59 55 56 66 66 49 49 51 47 55 133 137 143 168 157 154 150 152 151 144 149 150 144 153 156 160 158 156 153 155 154 154 148 147 
104 106 99 100 94 93 99 131 154 174 173 175 174 166 146 119 80 74 87 97 102 99 100 106 104 102 103 132 117 122 118 122 112 118 210 123 113 140 131 130 105 44 42 104 39 42 107 43 76 44 57 50 51 45 42 64 32 122 101 121 148 167 174 187 185 124 177 192 164 169 158 157 169 172 176 184 190 198 199 205 204 208 207 214 209 169 102 61 40 50 72 176 62 52 59 58 54 55 56 50 44 54 48 83 145 133 156 169 163 162 157 155 159 153 151 146 146 143 146 145 149 155 152 152 150 154 150 149 
104 102 99 97 104 89 98 132 153 175 172 172 179 170 154 115 80 81 88 96 96 98 105 105 102 103 108 107 120 108 108 107 103 146 85 105 128 136 127 98 47 90 38 69 98 56 38 77 63 40 45 81 45 56 46 96 28 62 132 134 156 158 172 186 187 144 187 166 154 165 157 161 171 176 180 184 191 197 195 196 201 203 207 210 208 191 115 80 36 43 73 174 85 46 56 60 68 66 49 51 56 50 50 123 142 134 160 165 161 158 160 165 161 164 158 153 146 145 148 143 142 143 140 146 154 149 151 148 
101 99 99 96 96 92 101 135 156 171 171 175 176 173 152 116 84 79 87 94 97 99 104 100 103 101 107 113 119 118 121 121 118 134 138 149 119 133 116 90 58 63 36 95 32 39 83 79 49 45 49 111 37 60 92 47 35 153 103 172 176 165 168 190 190 182 172 133 150 160 163 168 177 179 180 182 186 195 194 193 198 203 207 211 206 197 127 70 38 45 68 177 78 54 73 50 63 61 48 47 63 45 73 136 134 145 162 161 162 158 160 160 161 167 164 156 156 148 145 147 142 145 143 139 141 143 150 149 
103 102 100 102 97 95 100 136 154 166 176 175 177 172 151 121 88 78 83 90 100 103 108 102 99 100 103 110 121 119 120 175 111 37 36 140 171 111 106 52 64 34 58 105 42 46 57 58 41 54 55 69 56 61 65 28 139 92 193 173 191 157 174 194 192 120 88 102 104 101 125 163 179 180 176 173 185 193 192 191 190 199 200 205 198 164 100 54 39 41 96 187 119 51 67 56 69 57 50 49 56 48 100 142 125 151 160 159 158 159 157 154 159 161 164 159 157 153 156 153 147 147 144 143 139 140 137 136 
100 104 96 103 102 94 96 131 156 171 170 174 175 172 148 123 76 84 87 93 102 100 99 95 101 100 106 111 110 122 127 139 143 49 44 136 91 63 86 65 84 53 93 126 40 76 44 51 40 39 32 79 104 92 35 80 114 190 170 187 178 156 187 195 117 145 153 162 142 96 76 57 103 169 172 170 174 186 191 184 194 195 187 144 88 74 93 86 45 42 64 173 136 52 78 68 65 42 49 45 56 48 129 134 131 164 163 160 157 154 159 154 156 160 160 152 156 154 154 153 153 154 154 144 144 137 131 133 
104 101 98 99 98 90 94 127 154 171 173 176 178 174 156 121 80 84 90 94 104 98 99 99 102 99 103 109 107 144 155 146 184 107 79 124 118 81 51 108 64 89 34 112 47 83 37 48 90 39 46 41 55 40 32 152 158 163 183 199 162 182 201 97 114 125 127 89 138 125 114 100 99 121 155 165 171 184 193 190 187 169 108 112 98 115 94 82 77 47 69 155 131 52 56 66 64 56 50 50 44 68 134 131 140 159 161 157 156 155 155 152 153 156 158 157 157 155 152 153 156 155 154 149 150 143 136 132 
103 101 98 97 96 89 93 133 152 166 175 181 177 172 154 124 80 74 87 91 99 104 102 96 94 98 98 136 158 143 154 148 152 122 121 43 36 75 86 71 80 106 43 96 47 93 38 48 124 47 42 46 35 36 144 102 166 175 198 194 182 200 79 72 59 56 49 52 45 40 69 140 121 121 145 158 169 191 197 197 183 114 69 54 48 47 53 72 46 36 72 155 124 79 57 64 61 50 46 55 40 94 141 134 150 159 158 156 155 155 156 155 152 155 159 151 153 149 155 149 155 152 154 148 145 142 141 137 
92 92 91 90 95 80 83 126 150 170 175 176 175 168 153 123 77 75 86 90 95 102 93 94 95 87 108 174 136 142 149 146 139 50 46 32 129 50 94 89 89 146 35 81 58 91 44 37 41 121 81 39 33 50 113 200 170 184 203 189 197 75 66 52 47 48 46 69 150 55 43 67 136 128 137 149 162 189 206 202 56 47 50 85 91 43 50 59 52 39 76 147 146 71 61 60 48 48 49 49 46 121 138 137 159 157 155 154 153 154 153 159 151 157 155 152 149 155 156 149 150 150 146 144 140 137 135 132 
98 92 96 94 84 80 81 133 154 174 178 175 175 177 153 123 76 80 94 98 99 93 97 102 93 86 93 189 146 147 149 103 134 81 37 108 48 101 39 81 87 113 45 44 52 51 50 39 46 50 42 42 74 151 141 164 184 191 198 200 91 68 52 56 89 92 41 55 203 192 71 109 122 115 136 140 167 198 218 110 49 54 59 69 160 60 68 59 46 38 94 135 148 101 71 58 48 61 51 43 65 140 142 153 155 155 157 153 153 152 153 153 156 150 152 157 153 151 148 145 148 143 144 139 130 134 130 130 
96 96 98 92 87 77 78 128 154 169 176 180 181 177 150 123 85 83 89 97 107 101 93 108 107 64 43 113 173 210 154 39 48 46 96 55 67 55 58 84 96 117 49 46 46 40 76 48 42 48 39 45 63 80 162 168 193 198 198 99 126 117 97 51 114 61 57 159 208 200 131 124 110 116 128 142 169 213 214 105 117 102 81 160 154 69 55 46 46 39 100 106 155 90 86 53 62 48 53 45 88 146 135 153 159 157 154 153 150 150 151 154 157 150 154 156 149 144 148 150 145 136 135 133 129 131 149 167 
95 98 101 91 89 73 83 126 154 172 176 179 179 174 154 127 86 82 88 103 111 109 124 47 53 120 152 188 216 130 50 42 45 121 106 47 66 88 64 103 49 130 74 37 38 48 44 57 47 46 39 40 146 172 164 186 202 190 97 123 128 146 141 107 74 138 155 176 195 167 142 118 126 120 128 142 173 220 202 102 119 136 159 174 124 53 63 53 48 50 85 91 176 84 70 52 46 48 55 47 116 137 140 156 152 153 152 153 152 153 161 153 152 154 150 149 146 145 148 141 134 136 135 136 158 172 178 187 
102 105 103 88 84 81 74 125 154 171 177 183 180 176 160 129 84 82 99 103 112 109 161 52 136 156 125 164 64 69 48 117 57 70 39 42 91 79 45 104 113 99 127 35 42 40 47 41 46 38 33 124 92 173 179 194 198 82 125 133 138 142 141 139 132 128 127 138 122 152 163 138 119 131 128 138 165 217 206 161 145 128 112 92 59 82 83 49 35 57 81 76 190 85 81 46 50 52 52 66 129 134 144 162 156 153 153 152 146 149 153 150 150 155 151 148 144 141 140 135 133 136 153 173 183 187 189 187 
102 99 93 89 84 72 77 121 152 172 175 183 184 182 158 129 82 81 95 102 108 106 120 141 165 128 74 63 80 48 54 52 150 128 121 53 48 68 107 86 114 135 89 44 42 43 46 46 41 42 40 130 168 170 180 202 73 109 127 140 149 153 149 148 143 143 142 150 154 162 158 151 128 135 130 129 165 209 210 176 157 140 134 124 105 101 90 63 38 49 70 72 187 97 74 55 49 66 45 80 137 129 158 158 149 153 148 149 150 150 146 146 154 150 146 146 143 142 135 130 135 171 184 191 193 188 191 188 
94 89 84 80 83 69 65 123 152 168 177 178 181 178 156 127 90 81 95 110 110 113 110 132 103 76 71 95 60 49 70 106 110 51 83 41 44 90 53 146 95 75 131 43 42 44 47 62 48 41 144 100 170 189 208 64 96 117 131 137 151 151 167 163 171 164 163 173 173 172 173 140 143 133 128 128 167 207 215 182 162 154 139 131 118 111 96 63 51 63 64 63 187 98 84 49 39 54 42 106 135 134 157 153 151 152 153 152 152 149 149 151 145 148 149 142 142 136 131 141 178 194 196 193 192 188 189 190 
92 86 85 83 77 58 67 117 152 173 175 177 179 176 156 127 89 80 94 97 106 114 135 141 173 149 98 61 70 62 70 116 112 114 38 36 48 91 97 88 148 152 105 81 38 50 47 47 43 66 108 164 188 198 123 70 108 120 128 140 152 156 165 167 176 176 173 172 176 177 156 147 140 135 130 122 156 200 223 183 174 148 143 139 126 124 107 55 49 49 62 53 172 119 60 65 43 48 43 129 134 147 156 154 152 155 156 148 151 152 148 146 144 147 141 139 138 133 141 183 194 196 195 191 191 189 190 193 
83 88 74 76 71 62 67 120 150 171 173 177 183 180 159 127 85 83 90 117 135 117 129 116 55 91 62 61 51 99 92 111 143 52 52 49 44 49 87 63 47 48 127 116 56 49 45 46 41 148 118 168 194 201 39 84 111 121 126 135 145 157 166 173 177 175 181 174 178 169 161 154 148 141 133 130 144 203 219 183 163 162 144 134 131 120 106 63 47 52 57 48 172 154 50 44 49 41 66 135 135 152 157 158 155 153 155 151 150 149 154 145 148 144 146 138 132 135 177 193 196 195 194 192 191 193 195 201 
80 81 77 80 74 75 68 121 151 169 177 178 180 175 152 134 86 90 92 110 109 115 109 71 74 76 78 59 112 48 141 97 62 57 40 57 49 56 65 57 54 30 106 126 49 39 36 42 58 112 158 193 202 34 47 88 115 125 120 132 145 146 159 169 173 180 183 173 168 167 154 146 149 139 133 133 143 193 222 180 163 158 149 136 127 127 96 59 64 57 50 46 174 163 48 39 51 42 90 140 139 161 158 151 151 152 148 151 152 146 147 148 143 143 144 136 123 163 190 194 193 193 194 196 193 197 202 204 
77 71 76 71 69 58 67 118 147 167 175 173 179 174 158 132 80 82 97 101 107 114 82 147 89 109 63 132 56 66 71 93 50 57 50 45 50 47 42 50 67 42 113 89 150 39 38 40 142 115 187 202 68 39 51 80 112 123 131 134 143 149 151 159 173 176 177 170 172 164 155 142 137 135 129 130 144 176 223 191 163 155 148 137 134 121 78 43 46 56 48 35 175 153 39 35 58 45 120 139 141 178 156 151 152 151 149 148 148 148 144 139 145 142 138 128 143 184 195 193 192 191 194 199 203 205 204 202 
78 75 80 74 64 49 65 119 148 166 171 169 179 176 153 126 79 75 135 94 118 169 111 55 107 118 122 50 116 85 150 133 111 53 61 43 37 40 43 76 57 77 155 96 115 104 36 37 124 144 203 201 38 38 48 86 111 125 127 132 139 149 152 163 163 177 172 170 165 166 153 133 132 133 121 124 131 173 221 207 164 157 147 131 128 121 67 40 54 62 48 44 161 150 75 46 52 47 134 139 156 162 156 154 151 154 151 147 145 146 144 143 143 136 132 131 171 194 196 191 193 193 199 204 209 207 200 199 
79 75 72 71 61 56 54 124 151 168 176 171 176 172 159 126 81 73 108 133 109 132 88 79 113 106 98 53 74 75 118 149 138 56 55 47 41 61 62 110 57 117 180 153 50 38 29 131 120 199 205 36 32 40 53 76 108 129 126 132 138 153 151 161 159 161 168 168 168 159 145 136 129 129 119 123 136 162 212 220 161 149 145 140 128 107 49 44 58 77 50 35 154 133 88 44 45 80 143 136 160 156 157 152 156 153 154 147 147 148 147 138 137 142 132 147 186 196 194 193 193 200 206 208 208 208 205 204 
81 73 76 77 62 48 50 114 149 168 174 175 177 174 159 127 85 74 90 107 107 140 87 72 77 96 56 85 121 77 84 147 49 35 45 43 57 46 102 78 132 99 67 58 48 30 79 118 125 202 59 37 38 43 60 82 106 117 128 132 129 140 149 151 148 158 159 158 157 152 143 124 125 139 126 123 135 161 206 223 152 152 145 134 126 103 40 44 57 82 68 33 135 136 129 47 36 104 144 139 158 156 151 152 149 153 151 150 145 145 145 142 141 130 127 172 197 195 192 194 200 208 209 206 205 206 208 207 
84 80 79 71 63 46 45 121 150 166 172 176 179 177 157 125 78 83 138 105 107 119 68 92 119 65 72 46 93 54 99 148 49 70 57 51 55 34 80 158 64 113 42 33 48 41 166 146 119 189 48 39 35 43 90 75 109 123 127 133 135 145 144 151 149 157 157 161 157 149 140 103 134 141 140 130 126 156 200 220 141 145 136 129 124 62 40 45 63 72 46 34 117 159 136 50 36 126 145 146 160 157 153 152 146 148 150 147 147 148 146 145 135 130 144 188 198 195 195 195 206 207 204 205 204 207 208 205 
90 84 77 78 65 55 60 118 150 167 173 172 179 176 154 129 104 78 90 102 109 140 73 86 110 81 33 145 80 45 109 115 91 162 49 76 92 36 56 51 84 67 37 43 28 161 174 183 175 60 31 41 37 46 92 86 106 119 124 126 138 138 143 148 151 152 157 158 157 156 139 116 133 86 71 115 122 131 188 190 149 146 136 127 113 39 47 59 66 54 48 36 87 166 141 39 47 144 143 156 157 154 156 147 150 150 149 141 147 143 145 143 137 128 165 193 197 195 196 205 206 206 206 207 208 208 207 207 
84 77 79 73 75 63 82 129 155 169 173 173 176 176 162 131 86 82 92 102 110 108 100 92 78 80 55 113 71 50 120 120 154 138 30 44 87 48 39 39 128 43 61 35 58 137 174 190 128 39 41 43 40 48 101 98 116 117 125 130 137 142 141 148 149 154 154 158 157 155 149 129 125 127 129 118 97 122 177 171 152 140 144 132 64 48 41 49 69 57 46 64 50 170 153 48 87 147 146 159 155 154 150 151 147 149 146 148 144 141 140 141 133 131 174 195 196 192 200 207 206 207 206 210 209 208 207 206 
79 82 82 73 63 76 89 138 154 168 171 170 176 176 157 132 82 77 92 96 119 108 42 96 76 36 120 48 92 105 112 118 132 133 48 61 104 159 27 57 53 51 107 125 172 102 131 192 41 40 60 49 38 45 93 91 116 115 125 130 134 136 141 145 147 146 152 154 158 152 155 145 140 139 134 143 159 199 189 165 150 145 135 120 47 52 43 54 82 75 58 41 36 171 142 60 125 145 145 157 158 152 153 154 148 146 149 147 149 147 142 137 133 137 186 196 195 199 204 209 206 204 208 209 209 208 208 210 
77 70 82 72 65 70 99 137 155 166 169 173 177 175 160 136 84 76 96 97 118 147 49 99 82 147 59 52 85 76 104 125 74 93 127 63 70 112 61 42 55 133 157 182 96 118 204 53 64 54 51 54 50 49 93 96 115 120 126 129 132 137 142 143 144 154 152 153 156 156 148 150 151 145 160 197 166 199 193 162 144 143 136 66 51 53 50 72 94 70 62 53 35 159 143 91 138 144 145 156 154 154 147 153 148 150 144 150 145 145 141 141 132 153 190 195 196 204 208 207 204 207 207 208 211 210 212 209 
78 76 71 72 61 68 103 136 158 167 170 171 177 178 159 135 89 73 86 102 140 121 57 73 136 50 48 53 55 60 70 119 80 129 119 53 108 63 27 67 149 145 182 133 90 141 44 44 47 51 51 56 52 47 106 93 111 119 126 130 133 135 137 139 140 143 149 152 153 159 148 150 143 156 170 205 173 205 195 161 144 138 129 48 55 53 53 70 79 64 69 51 34 145 130 107 144 145 152 155 154 150 151 147 153 149 140 142 145 143 140 140 131 159 192 196 200 209 208 206 207 206 207 209 211 210 210 212 
73 64 70 67 62 78 94 132 157 166 166 174 175 179 160 132 83 77 88 154 102 119 69 94 87 59 87 75 60 76 75 94 56 115 107 125 46 42 115 94 130 155 190 96 101 64 40 81 49 56 56 80 46 40 101 83 105 129 129 129 132 136 143 139 137 138 138 146 146 148 147 143 150 154 176 208 176 211 192 153 142 138 77 45 58 49 66 58 76 72 66 43 38 127 113 113 138 147 155 156 155 153 149 150 148 151 145 143 145 145 140 134 131 163 195 196 205 209 207 207 210 206 206 210 212 212 211 211 
60 61 63 67 64 67 95 137 159 170 170 174 180 179 162 132 81 74 131 94 100 104 58 113 69 51 65 77 65 82 87 79 109 58 88 128 43 82 108 197 190 198 94 92 197 40 41 113 44 58 53 71 45 42 80 90 100 122 123 132 133 135 137 138 137 142 133 130 136 140 143 147 142 137 136 145 161 146 153 125 134 138 47 48 50 51 51 69 75 69 65 54 36 125 116 125 149 147 156 157 151 154 149 145 151 147 149 145 143 141 140 135 124 163 193 203 209 208 207 208 210 207 209 211 212 212 213 211 
56 60 63 64 59 76 97 141 156 172 170 178 179 180 162 129 82 108 105 87 144 94 56 54 67 66 80 48 77 123 93 90 63 122 121 97 58 153 137 185 208 76 97 165 35 50 38 73 40 41 55 65 44 44 62 86 89 118 128 130 125 128 139 140 142 144 91 76 84 104 105 103 95 81 99 118 115 84 111 114 144 96 47 46 46 45 58 54 61 84 44 70 41 97 130 130 142 148 152 154 150 151 151 149 147 144 146 145 140 143 139 132 127 173 197 208 211 210 209 207 209 209 210 210 215 212 214 211 
53 59 58 66 56 91 106 141 160 170 175 177 182 178 158 129 100 122 77 113 122 92 71 54 56 45 68 101 57 140 98 96 107 94 82 61 103 145 127 227 165 111 143 85 49 54 44 56 45 50 55 58 65 44 67 85 86 112 120 121 126 127 133 136 148 146 136 128 123 120 126 137 140 141 152 168 181 137 142 143 140 43 45 56 48 50 79 57 69 83 46 96 50 76 153 141 144 150 154 153 156 150 149 148 147 143 146 147 146 142 140 132 124 177 203 211 213 208 209 208 211 211 212 213 213 212 211 211 
56 59 55 62 53 86 99 139 157 167 176 171 178 174 162 129 124 70 83 150 104 85 55 69 38 41 68 80 66 128 44 89 120 98 57 95 132 149 115 208 107 161 162 51 52 52 45 43 53 43 56 62 67 42 71 86 77 105 116 118 121 120 135 136 136 146 147 138 123 127 133 127 148 157 161 160 162 137 151 144 59 39 43 46 43 45 44 57 66 85 55 87 48 79 155 152 144 148 159 154 156 153 151 152 153 151 143 143 144 143 142 129 123 183 209 213 210 209 210 211 211 213 212 213 210 209 209 206 
46 55 58 56 55 81 91 135 156 168 178 179 179 181 157 131 74 75 133 103 115 55 99 50 53 67 46 74 139 107 89 108 58 129 132 122 158 150 127 141 160 187 46 45 48 53 57 57 47 51 51 56 70 45 85 67 64 92 103 110 116 127 131 133 135 138 144 136 133 127 126 125 129 134 144 136 128 150 146 126 39 44 50 53 46 48 54 69 58 87 68 91 54 65 158 160 149 159 158 155 152 153 154 153 148 146 146 145 143 137 140 132 124 191 214 216 213 212 213 215 214 213 212 206 204 203 204 204 
48 53 54 47 55 96 88 129 149 169 177 178 183 177 161 130 79 68 162 100 101 52 114 46 46 99 54 62 186 103 143 119 76 75 142 96 110 122 162 134 202 47 47 52 51 54 44 56 55 57 72 59 64 52 75 88 59 79 98 104 105 118 124 130 134 137 141 136 135 128 128 129 121 122 126 143 154 139 137 56 43 39 45 55 67 54 64 74 71 102 64 78 61 60 176 164 150 156 156 160 154 154 151 155 153 151 148 145 144 138 137 125 117 198 218 217 214 212 215 217 214 209 206 207 209 209 210 209 
52 54 49 48 71 108 104 134 143 162 174 180 178 180 163 135 79 68 140 99 89 71 101 55 38 97 63 66 188 93 82 132 101 66 124 122 93 113 172 182 80 41 57 53 47 47 49 65 51 48 55 57 59 55 54 67 57 73 84 97 108 115 124 130 135 135 138 137 139 140 141 152 161 161 157 157 149 145 89 84 34 47 50 67 61 52 62 81 75 88 65 79 51 39 172 161 142 153 155 156 149 152 153 153 151 151 146 143 143 145 131 126 117 196 217 218 216 215 214 218 211 209 211 212 209 210 209 208 
49 45 54 51 78 103 102 131 151 165 174 174 177 180 165 132 85 70 103 98 73 92 86 51 39 91 45 64 169 83 120 143 120 108 75 125 125 80 122 121 61 50 49 46 55 52 46 60 51 47 48 55 57 55 48 54 54 70 49 79 94 105 116 130 129 137 139 142 148 155 155 159 170 167 158 162 150 146 39 76 48 43 54 59 49 71 51 91 80 83 68 91 65 46 173 164 147 162 158 156 157 152 155 152 150 151 148 142 140 141 138 120 121 205 219 218 215 212 212 213 213 213 212 210 209 205 205 203 
45 49 43 52 84 95 102 132 149 169 177 175 176 176 164 132 84 71 96 86 60 46 82 61 47 85 53 59 152 69 54 108 140 127 104 147 144 93 92 58 49 53 51 55 56 60 46 62 56 62 49 51 52 55 58 59 63 59 64 45 65 86 105 118 129 134 136 144 146 157 175 166 166 164 172 163 146 132 45 54 57 49 51 72 42 55 52 90 79 76 80 85 87 42 177 163 149 159 158 154 148 152 154 149 152 149 148 141 138 139 131 123 127 209 221 215 212 211 213 214 214 210 207 209 203 203 202 194 
51 48 43 55 59 92 110 129 151 169 173 172 176 178 164 136 80 68 103 60 49 55 95 62 57 65 45 41 151 115 78 102 89 123 134 111 139 80 93 62 59 54 55 49 62 76 44 69 50 52 45 51 50 53 67 60 68 60 74 55 45 55 86 102 114 124 128 137 147 152 156 166 171 164 165 152 145 109 49 52 59 60 58 77 56 50 55 100 87 73 79 87 95 46 171 160 144 144 147 146 150 148 150 147 149 147 141 139 140 136 128 120 146 212 221 214 210 213 214 214 212 208 206 204 195 175 131 61 
47 48 41 53 63 94 90 131 150 165 174 171 175 177 160 126 66 108 140 159 41 81 58 60 69 46 45 40 158 152 81 65 116 107 130 127 164 140 171 134 46 49 52 54 73 77 41 87 48 47 53 51 51 48 62 65 63 52 72 74 60 62 65 77 89 103 114 119 129 138 147 156 161 150 152 134 129 91 52 53 55 62 57 62 54 51 65 92 83 82 73 94 74 52 177 148 126 119 134 132 136 141 146 146 150 148 145 138 134 132 123 115 179 214 216 210 212 211 212 211 207 200 190 160 94 42 41 42 
58 51 40 40 51 77 77 128 153 166 172 172 173 176 156 117 135 156 65 138 64 69 69 67 54 63 47 50 145 111 96 78 61 90 136 96 151 137 62 163 147 39 43 50 74 70 39 79 44 46 53 49 45 51 56 54 56 49 52 82 88 109 121 131 135 139 138 141 141 151 158 153 156 157 158 173 189 193 140 64 55 61 51 61 52 56 73 88 82 80 82 98 80 67 156 129 121 104 108 120 121 122 127 131 137 140 139 143 136 127 122 114 193 217 209 209 207 208 207 206 199 176 138 57 49 57 50 65 
63 65 50 45 45 74 74 117 142 162 172 169 169 169 159 159 107 80 48 52 40 57 74 60 47 66 59 52 85 130 134 76 59 127 159 96 99 131 109 74 133 152 43 54 69 59 44 84 47 53 52 56 55 60 51 65 55 61 52 85 103 121 130 122 130 131 134 137 141 147 148 144 144 144 160 172 192 197 197 206 172 68 53 56 50 59 61 90 75 83 82 91 80 72 148 128 133 129 121 114 112 113 110 110 111 120 124 125 131 126 122 114 198 215 206 205 210 206 210 198 187 157 74 38 49 61 85 74 
116 92 73 55 55 56 49 92 136 163 167 167 172 178 186 129 78 95 151 42 48 45 85 71 44 59 84 62 44 109 116 60 121 157 62 105 113 105 99 146 122 63 85 45 65 54 49 91 46 45 41 53 44 48 51 62 58 54 49 72 109 121 125 126 125 128 138 135 139 142 141 138 143 148 165 181 189 195 198 202 202 207 178 56 38 35 49 74 67 77 80 76 74 82 152 125 139 133 129 127 117 111 105 98 102 89 102 100 105 107 97 96 192 208 203 207 208 208 209 192 152 50 46 61 65 84 80 85 
133 134 107 82 77 57 47 90 137 161 167 171 167 178 162 128 84 90 53 42 47 43 53 126 35 52 111 78 48 39 125 140 91 145 56 109 122 150 121 126 165 45 97 53 64 55 37 76 50 45 43 56 57 49 54 55 72 53 50 74 104 110 121 126 128 132 137 139 143 137 140 142 148 161 167 182 190 189 192 197 201 202 206 210 135 38 56 87 68 70 73 65 68 101 147 135 146 143 143 134 133 131 122 114 109 98 93 89 99 115 95 81 195 206 202 211 207 205 191 154 65 55 79 73 72 89 82 89 
128 140 134 113 98 75 42 84 135 162 171 168 171 172 158 128 151 124 39 43 38 36 100 126 93 134 61 67 47 94 59 80 109 58 77 77 123 133 138 144 63 126 52 147 64 55 43 75 56 55 45 58 63 54 50 60 54 71 60 87 100 115 117 130 123 130 139 143 144 133 138 144 151 162 168 178 189 188 190 194 198 202 206 206 213 177 46 45 64 68 68 72 49 131 144 150 148 146 140 143 137 136 133 128 118 118 106 96 109 136 96 96 200 210 212 213 209 205 141 64 51 83 79 76 89 99 85 84 
133 144 150 140 116 71 42 85 134 164 171 170 172 174 159 141 172 71 62 46 41 42 81 37 78 64 50 84 113 71 37 154 53 85 62 103 87 133 130 132 48 138 57 98 56 45 46 80 53 54 54 45 63 49 49 64 70 96 44 77 111 114 131 112 131 137 136 137 141 138 139 147 153 164 165 173 181 185 186 188 196 198 204 204 210 216 185 52 66 67 78 75 45 148 152 150 150 145 142 144 143 141 134 137 128 127 120 112 123 133 109 141 204 212 211 212 203 184 88 44 85 89 82 92 104 96 93 101 
106 136 146 152 146 101 42 88 134 164 174 177 173 174 161 142 103 196 36 45 54 49 70 51 55 48 91 57 42 62 44 81 52 70 69 75 95 118 131 125 130 98 151 50 87 49 43 71 56 55 44 52 72 58 52 69 75 110 59 61 116 120 113 130 131 138 139 140 135 143 143 149 160 160 164 169 170 176 178 182 191 197 204 204 211 214 219 163 59 49 77 70 45 171 138 151 150 148 142 141 142 142 139 134 133 131 126 124 125 133 116 176 212 213 214 213 197 149 69 79 96 92 89 109 111 96 89 102 
55 118 146 163 152 119 42 83 139 166 179 175 177 174 156 141 125 62 39 42 54 58 46 53 43 47 106 79 39 51 49 48 84 48 76 70 115 121 118 148 163 139 57 89 205 37 43 66 58 55 43 57 67 60 42 72 83 119 72 49 97 103 132 131 134 136 134 137 137 142 144 148 152 161 160 165 173 175 179 189 191 195 197 203 209 212 215 221 84 44 67 55 41 169 138 147 147 146 142 148 141 139 145 137 135 128 127 126 134 140 132 193 217 211 212 208 188 106 70 97 88 94 105 115 99 94 102 102 
38 78 149 168 162 131 40 77 141 166 177 175 181 178 164 136 156 120 34 47 49 81 42 50 46 51 114 51 45 34 96 37 68 99 75 101 63 115 112 106 145 120 31 136 219 50 40 68 70 49 44 51 89 55 45 57 101 120 81 39 105 114 132 129 134 136 142 136 142 147 146 151 150 155 161 166 169 173 176 182 191 193 196 204 208 210 213 224 213 43 49 55 37 151 139 152 147 144 142 139 139 137 138 138 139 132 125 123 130 150 161 198 215 215 209 207 162 76 86 86 94 107 114 100 87 100 104 106 
39 56 148 172 170 137 33 62 143 164 176 179 178 179 164 136 123 46 47 42 57 57 51 51 46 58 115 46 53 41 42 91 95 77 104 114 106 81 89 160 154 59 84 107 211 34 34 61 88 49 40 55 66 48 63 55 108 103 91 56 96 122 127 124 131 136 138 137 141 143 149 143 151 155 157 160 166 171 180 183 187 190 196 205 210 213 212 220 221 98 45 41 42 151 140 148 144 148 146 139 142 141 139 139 130 130 122 122 154 183 198 209 217 214 209 196 126 92 99 88 99 112 109 90 97 108 100 105 
32 63 139 171 168 129 33 64 143 168 178 175 182 182 165 141 126 49 46 48 48 53 37 52 49 107 99 36 77 49 48 56 49 51 65 89 87 81 100 143 133 114 46 84 153 33 41 86 84 56 55 49 60 43 59 82 93 118 99 50 95 129 128 129 136 139 140 136 140 137 150 147 150 154 154 161 167 171 175 181 186 190 195 201 207 210 212 216 221 212 37 35 51 152 140 143 153 148 145 142 143 139 134 134 132 126 126 137 195 203 205 214 216 215 206 168 94 92 96 103 109 117 93 91 97 107 97 110 
33 44 131 164 172 138 33 55 134 167 177 180 180 178 166 139 131 38 41 58 40 46 36 38 39 132 97 35 53 68 59 49 53 48 54 75 116 56 75 138 153 66 112 168 86 67 42 70 59 59 62 48 51 58 57 92 117 132 101 52 104 129 133 137 137 136 137 138 133 140 144 144 147 151 154 162 164 163 173 181 187 187 195 202 206 211 214 216 218 221 37 31 84 143 158 149 145 142 144 144 138 140 135 132 127 120 120 175 214 216 207 215 216 214 196 136 95 91 95 106 112 113 90 89 103 106 101 98 
31 42 122 169 174 141 42 55 139 170 175 174 179 181 168 142 115 53 52 41 60 43 43 44 121 62 62 42 50 70 50 46 55 39 72 60 116 82 96 135 129 139 127 165 37 36 56 47 55 49 57 63 52 51 74 121 127 118 92 80 104 124 132 136 137 137 139 137 144 136 143 145 145 148 152 158 160 163 173 179 182 189 196 201 206 207 208 211 214 220 153 31 119 139 158 143 142 142 143 139 140 136 136 131 131 123 121 193 216 214 207 216 215 208 175 112 103 94 97 107 113 96 91 103 107 104 100 90 
33 40 127 167 171 144 55 61 134 170 174 170 167 172 160 139 127 44 44 48 42 52 56 61 40 100 91 55 51 63 41 36 61 51 93 47 54 119 128 133 106 101 152 169 140 114 81 48 51 83 55 59 50 66 81 119 119 125 63 83 109 127 131 132 139 144 134 133 134 138 141 144 143 147 154 157 158 162 170 169 183 191 193 199 205 207 210 212 216 217 209 27 130 138 151 145 145 140 136 142 140 139 131 128 130 124 131 200 214 205 207 218 213 200 141 117 105 98 102 110 112 92 92 106 106 93 89 80 
30 39 108 160 176 151 56 59 133 165 174 176 178 176 166 139 106 69 52 59 51 49 48 50 54 77 71 54 51 46 54 43 55 40 104 72 55 97 85 109 136 79 42 35 76 33 89 120 109 59 54 54 54 72 94 125 129 128 70 86 116 126 137 134 137 139 135 137 134 136 132 143 142 145 153 153 156 161 169 171 181 185 190 197 202 205 210 210 213 217 217 28 133 140 146 153 143 140 135 137 141 138 139 127 128 130 130 200 217 205 207 219 210 180 120 116 103 91 105 112 100 87 96 106 90 95 86 90 
33 42 104 154 171 152 52 69 132 166 177 178 178 176 166 137 108 54 53 48 45 41 50 67 51 64 59 65 44 55 43 46 75 56 62 37 86 114 116 106 116 143 42 41 40 58 63 76 62 77 53 42 57 85 106 128 132 127 54 104 128 132 137 137 140 142 142 131 135 140 138 139 140 146 152 150 156 162 168 168 175 184 191 194 198 205 207 210 213 212 215 68 122 144 154 143 142 139 139 141 137 137 136 131 130 129 130 181 205 201 209 219 204 161 118 112 111 89 99 94 76 101 104 98 93 93 92 95 
39 36 84 153 168 151 84 66 134 166 177 178 177 182 164 139 132 86 59 45 46 72 72 50 42 68 58 44 53 46 103 49 58 88 57 113 36 147 142 126 89 114 134 58 42 60 59 60 54 53 52 45 72 89 110 123 123 117 61 100 129 132 141 139 142 137 139 138 135 140 138 139 143 146 153 151 156 159 161 167 171 176 184 191 198 203 208 211 212 212 213 194 131 143 137 144 145 149 144 141 139 142 137 131 134 135 137 138 164 177 213 216 199 141 111 104 98 93 97 89 81 109 97 89 96 93 96 88 
36 44 70 152 162 153 99 62 129 162 176 173 175 179 164 134 144 93 54 43 60 51 45 52 49 54 54 60 55 62 66 47 61 53 43 106 67 48 56 148 57 63 123 179 44 58 43 56 47 45 44 44 79 111 117 126 123 82 84 116 136 134 139 141 143 145 136 139 136 133 140 138 140 147 149 150 154 157 158 163 172 178 185 192 195 201 206 210 211 213 214 216 142 117 108 111 126 133 141 146 144 140 140 142 143 143 145 140 133 183 220 215 190 129 111 106 82 101 87 75 92 106 95 81 87 95 99 71 
38 35 68 145 175 161 91 64 129 162 172 175 177 180 162 139 135 96 43 45 51 56 43 47 71 73 45 79 45 41 55 40 80 49 47 121 138 76 31 60 71 91 91 126 51 52 50 51 45 39 50 67 85 111 115 126 121 53 90 137 136 131 141 143 143 148 140 142 137 141 136 135 140 145 149 151 155 153 163 163 168 172 182 187 195 199 205 211 214 217 214 219 128 79 77 81 96 102 111 119 126 132 138 143 145 154 139 134 141 198 219 208 173 116 101 79 89 97 71 78 101 95 93 94 102 93 81 64 
30 35 53 155 177 168 118 57 124 156 173 176 177 180 168 146 115 75 37 44 49 46 46 64 50 62 54 63 58 45 47 51 44 116 72 96 103 85 72 66 75 150 60 50 51 36 47 43 40 40 52 77 106 120 119 120 74 62 109 133 138 130 146 142 143 139 145 137 137 136 138 135 140 140 144 147 150 155 157 162 172 172 176 187 191 199 204 206 210 213 214 219 165 83 95 79 79 72 85 81 88 95 101 122 145 160 142 149 148 210 220 196 138 94 81 76 98 83 80 98 92 97 91 101 100 93 69 53 
34 32 48 153 176 169 124 58 118 159 171 176 176 183 169 141 121 81 38 58 44 37 61 58 45 55 43 59 65 50 41 42 53 35 51 97 122 128 104 86 125 48 42 54 43 45 41 44 41 46 58 86 116 117 119 108 35 86 130 136 134 136 137 141 140 142 144 136 139 143 135 137 140 138 146 143 147 151 153 159 164 166 176 183 187 199 200 207 208 212 213 217 211 78 92 96 96 87 77 63 61 54 53 74 104 136 186 160 177 212 212 175 106 70 58 80 73 76 108 101 94 91 91 102 97 88 63 52 
57 68 68 143 178 178 131 64 120 157 170 177 176 184 172 128 127 64 41 37 39 62 49 54 43 61 54 56 58 63 65 40 38 57 57 46 92 157 113 73 121 84 38 55 36 42 39 38 39 57 76 106 114 117 121 43 61 116 130 139 135 135 136 138 141 143 143 143 142 140 135 134 138 139 143 145 148 155 154 157 162 168 178 182 187 194 198 205 209 211 213 216 216 81 100 101 104 94 87 81 60 52 37 36 64 191 202 159 193 214 204 142 69 62 76 84 67 90 107 92 82 78 96 103 92 69 54 51 
92 83 89 135 178 179 143 67 118 157 170 176 175 186 172 112 129 85 41 58 60 44 45 50 52 54 70 60 58 60 48 41 54 53 59 50 48 67 131 132 84 140 46 41 42 42 40 38 42 79 84 114 115 121 45 46 100 129 134 134 138 141 135 142 139 146 143 143 143 137 143 139 137 139 133 143 148 145 154 157 161 166 168 176 187 192 197 204 208 210 212 215 217 117 87 109 106 103 97 92 73 61 46 37 67 195 202 158 198 208 165 66 53 73 76 70 88 107 92 82 81 87 105 110 95 72 61 58 
93 98 109 139 175 182 152 71 116 154 172 177 181 184 172 91 120 73 44 42 43 45 44 55 43 54 43 59 53 69 53 48 66 55 55 51 70 47 70 72 142 42 52 48 42 43 34 44 66 69 104 121 117 43 49 98 124 128 127 135 143 139 137 139 139 140 145 139 149 142 140 137 138 141 141 139 142 145 148 156 161 166 164 180 179 191 193 201 207 209 213 211 215 199 85 100 112 104 97 91 86 76 66 58 72 183 201 193 190 160 79 51 57 75 65 84 102 97 83 74 84 95 113 96 85 79 59 70 
80 113 116 139 171 175 150 80 114 157 176 175 179 184 170 107 118 43 51 61 63 57 41 53 49 43 54 60 50 69 83 42 42 71 58 97 68 79 92 106 36 70 40 44 40 42 35 47 77 100 100 57 30 73 101 117 122 132 131 135 137 138 140 138 141 141 141 148 144 142 143 145 142 142 136 138 143 148 147 151 162 162 166 168 175 185 190 196 201 204 211 212 217 213 84 95 98 101 99 100 96 82 86 90 93 181 213 193 130 76 59 54 74 68 86 99 103 83 71 79 93 111 107 93 87 57 71 64 
60 94 97 127 168 179 154 88 113 149 173 178 180 186 170 122 94 40 40 51 58 73 47 47 54 47 50 59 41 86 79 47 43 101 43 68 46 56 102 164 41 52 35 45 45 44 48 56 52 41 41 79 94 107 117 123 124 128 127 136 138 145 139 139 139 143 144 146 143 151 143 142 145 136 142 139 141 143 148 151 155 162 166 167 175 178 188 193 199 205 208 211 215 213 86 90 98 100 107 106 99 92 103 101 92 160 181 125 83 79 75 78 74 74 103 105 90 82 64 78 104 112 105 98 65 67 63 59 
50 67 88 115 165 174 157 116 114 153 176 181 179 186 166 149 77 45 37 51 49 60 64 54 62 54 67 96 37 93 117 76 33 83 32 61 114 78 128 100 109 40 45 42 41 42 38 48 62 84 87 108 117 119 121 126 128 129 126 132 135 136 136 139 139 145 139 144 147 149 144 141 139 143 140 144 141 141 148 151 154 159 164 166 175 184 190 192 197 201 206 213 212 213 158 81 92 97 106 107 105 99 116 112 114 111 109 90 84 85 85 79 70 93 107 82 71 61 64 105 109 122 106 88 69 63 60 50 
66 63 77 109 166 190 169 122 110 151 174 177 177 185 171 116 69 68 39 45 53 67 58 61 100 45 46 97 46 67 61 123 39 100 109 30 98 71 72 118 84 70 37 45 45 46 57 79 98 112 111 118 123 130 129 130 128 125 128 133 139 140 134 138 140 139 141 145 149 146 144 149 143 146 141 148 146 146 147 152 152 157 159 163 169 177 177 188 195 197 201 211 209 213 204 73 91 99 104 107 111 115 121 113 113 106 101 97 106 103 88 81 85 100 86 68 77 72 84 113 122 107 96 69 57 56 49 45 
56 49 60 104 191 203 199 140 115 153 172 180 180 184 169 103 56 51 43 46 54 60 52 65 57 37 48 99 49 62 74 142 61 36 116 65 47 108 36 67 110 52 44 36 50 56 88 102 112 117 117 117 125 125 129 123 130 130 130 131 133 135 139 136 138 137 136 139 147 146 149 147 147 145 148 150 142 144 148 148 149 155 159 163 169 178 178 188 190 199 200 206 209 208 211 76 85 90 101 102 119 118 116 118 115 115 105 110 117 105 93 93 99 86 68 67 71 80 105 123 119 104 78 57 56 55 56 70 
56 49 54 104 195 200 197 170 117 150 174 177 177 179 174 125 52 43 41 41 51 58 59 84 57 75 51 74 48 80 37 82 127 37 122 51 55 91 88 76 124 118 47 37 55 78 91 101 112 116 118 117 123 127 123 129 131 131 129 124 134 134 135 135 141 139 139 144 144 149 148 143 143 143 149 148 149 147 151 155 155 154 160 162 167 177 179 187 188 196 201 205 208 210 212 93 80 86 104 103 112 117 123 116 117 118 115 126 121 103 92 99 86 86 85 75 78 104 129 127 109 88 64 43 54 66 74 88 
54 49 45 78 195 197 193 159 119 154 167 180 178 182 174 94 52 38 54 33 42 62 63 69 64 72 134 52 37 72 49 77 63 92 125 45 49 68 67 39 73 40 73 57 80 94 94 106 112 118 120 123 125 130 127 129 128 133 132 131 131 137 134 132 134 140 143 139 143 143 144 142 143 144 147 149 147 148 150 149 163 155 163 167 163 168 175 184 192 195 196 201 207 207 210 156 101 93 92 98 105 126 136 126 125 124 137 134 118 85 84 77 69 90 91 82 96 118 130 123 95 59 50 41 53 75 97 105 
