129 123 124 123 91 33 28 47 57 66 69 56 52 43 36 22 27 36 56 60 50 35 29 28 37 49 50 54 57 55 46 40 41 41 39 40 38 42 37 25 25 31 28 25 30 38 43 49 25 21 19 18 29 24 39 52 54 57 58 43 22 27 31 42 45 33 31 40 52 53 31 35 49 37 33 47 50 51 57 50 31 39 77 86 83 79 58 50 38 57 98 110 90 79 71 71 71 76 76 46 31 38 46 30 18 27 32 29 24 27 30 33 44 60 63 60 65 69 61 53 55 53 70 123 123 105 92 81
133 154 164 158 141 100 80 65 63 66 55 57 70 67 37 23 30 38 44 52 44 38 36 40 48 49 43 43 49 51 53 58 58 60 58 54 50 45 45 48 41 35 37 30 41 42 36 39 24 25 20 17 23 28 24 39 64 99 118 75 29 16 23 57 66 45 51 70 85 86 85 70 38 39 59 83 96 108 122 115 53 18 49 100 98 67 55 54 33 27 28 29 42 83 127 118 94 70 60 39 31 42 45 28 25 31 37 37 37 39 32 30 35 58 69 64 62 62 55 53 50 40 35 46 79 110 109 108
53 70 86 67 51 32 50 88 132 131 85 64 66 61 36 31 37 39 43 47 48 40 39 38 45 50 53 59 66 62 60 58 64 61 54 51 55 56 56 54 46 38 40 29 35 44 38 29 18 27 30 26 22 25 68 99 91 57 45 48 34 17 16 42 51 44 55 78 88 92 99 100 86 46 43 64 80 83 86 80 56 19 7 25 42 56 58 42 30 31 28 32 63 96 70 62 83 122 112 61 41 42 34 24 23 29 28 25 20 24 24 29 27 44 55 61 58 56 49 46 42 41 37 26 28 49 77 113
97 41 15 19 20 31 58 137 176 166 116 66 59 50 39 49 48 28 34 40 46 36 27 26 32 33 30 35 39 37 37 41 42 46 60 71 70 65 52 47 47 35 46 45 31 35 33 28 25 41 63 99 113 78 42 53 56 57 57 66 52 24 19 42 38 25 25 34 40 49 53 55 62 51 47 38 24 41 63 72 70 60 33 11 35 73 73 52 72 55 58 96 85 62 64 66 91 99 69 53 101 128 79 23 29 39 39 37 33 33 31 35 36 38 44 50 58 61 63 61 46 32 29 60 98 128 133 109
100 94 52 38 47 59 75 143 179 166 110 60 70 74 67 44 46 38 44 58 55 43 32 30 35 33 32 39 47 47 45 50 56 61 61 98 82 60 47 67 55 24 24 41 30 37 33 34 32 50 42 71 90 86 64 68 74 72 68 62 42 22 21 31 39 50 60 80 87 72 63 69 70 71 69 65 61 57 44 31 47 55 58 33 10 18 43 56 70 90 93 52 57 72 73 64 100 120 67 46 35 24 18 20 28 34 33 27 24 30 31 35 43 48 47 47 55 63 67 61 44 38 63 113 117 123 139 140
75 63 54 60 57 53 63 128 165 155 90 38 55 74 70 40 31 38 31 81 104 81 62 48 42 38 38 42 43 41 47 60 75 81 77 62 64 59 51 73 47 30 31 43 62 40 39 41 31 23 22 28 36 40 25 34 58 75 80 67 70 76 90 81 53 41 42 47 47 48 58 64 54 30 31 38 47 58 63 67 65 38 31 52 40 13 13 54 108 67 29 33 55 69 71 64 94 123 72 44 35 25 17 24 27 28 29 28 29 30 28 24 22 35 41 50 59 71 76 77 99 124 132 108 79 72 76 75
77 73 74 75 73 56 56 89 144 145 104 48 46 63 64 44 27 41 38 65 115 110 89 64 45 47 54 56 52 48 61 71 75 69 60 52 42 37 82 82 48 56 65 59 44 40 33 30 22 24 36 40 40 49 48 32 27 50 77 78 60 70 70 43 30 44 56 58 58 62 62 59 54 52 65 70 59 50 53 54 56 64 82 53 26 19 22 71 71 38 26 35 49 59 57 57 81 105 75 66 47 30 18 28 40 43 40 36 35 31 30 38 58 93 127 131 116 101 97 88 72 70 74 63 70 73 56 38
137 144 146 137 115 78 71 88 140 161 140 90 66 74 77 72 44 39 66 44 81 86 70 54 41 50 61 60 65 69 67 64 64 63 59 56 49 56 96 53 36 35 36 35 43 45 38 41 25 22 34 43 54 59 46 40 30 29 49 83 109 74 37 35 41 51 60 59 59 56 78 84 54 33 38 43 43 45 49 59 69 55 26 20 31 23 48 107 99 47 24 34 48 66 64 66 92 115 89 66 48 38 24 23 47 71 93 121 136 131 119 92 60 40 55 62 58 62 83 93 81 72 75 55 52 38 32 33
59 74 89 106 116 135 145 154 169 176 161 127 77 76 72 65 51 29 64 49 69 72 68 54 49 58 60 68 74 68 57 51 54 58 59 55 54 105 101 36 30 32 36 40 51 50 37 33 25 28 41 39 47 71 89 70 60 45 39 72 92 57 53 61 57 53 53 55 50 61 120 77 43 31 36 49 50 47 61 73 51 30 24 39 30 23 68 128 112 44 27 47 82 96 156 242 248 245 241 246 249 243 209 154 153 145 134 99 58 38 33 31 42 54 60 72 75 61 63 61 60 56 35 18 20 20 30 37
49 48 45 43 52 68 91 132 151 173 172 145 83 66 69 53 40 28 21 24 41 49 48 43 51 63 68 61 53 46 47 51 66 74 75 70 95 122 52 25 25 31 35 42 45 41 49 43 32 26 37 38 29 22 42 49 39 36 71 97 60 51 56 59 49 54 68 74 75 75 95 62 49 31 39 63 69 67 62 66 63 35 44 56 40 63 95 141 146 93 86 122 171 219 230 205 200 192 193 202 213 229 233 222 143 139 144 129 68 80 108 81 140 141 144 148 70 59 50 56 65 50 30 21 19 29 37 41
35 36 36 38 39 46 59 97 140 165 167 155 126 93 72 50 27 21 21 30 41 47 51 51 59 70 73 68 66 63 64 67 78 89 92 98 129 85 60 52 47 43 38 35 28 32 48 53 37 26 39 35 24 24 26 38 46 76 117 72 22 12 27 46 55 73 106 116 120 128 99 100 117 99 81 138 156 131 96 119 108 101 132 135 146 158 164 162 161 151 145 148 194 202 182 174 164 151 152 170 172 186 220 222 218 152 118 118 153 201 175 168 154 142 134 75 81 163 212 215 204 171 165 132 139 147 116 92
50 42 31 35 41 45 58 130 161 167 166 180 181 148 106 53 28 15 15 21 37 54 67 69 71 63 63 67 72 72 69 81 96 110 114 140 120 87 73 53 42 39 34 39 42 40 43 51 44 39 58 55 33 20 13 22 62 103 70 41 19 19 40 71 84 87 80 89 96 117 160 170 178 190 184 192 189 182 169 175 173 162 157 152 145 137 131 129 117 131 144 185 223 213 200 188 151 136 121 138 160 176 189 212 207 203 152 161 199 193 195 160 135 144 139 142 186 189 194 193 201 204 204 214 216 208 194 190
77 53 38 47 56 55 54 69 112 135 177 214 220 205 165 69 31 19 17 18 26 39 34 39 48 57 59 65 65 72 80 83 89 96 123 137 97 73 60 48 48 50 52 56 44 41 41 45 35 31 53 59 38 29 24 77 124 77 47 34 20 19 43 64 70 77 105 145 170 211 213 212 206 192 180 170 163 155 157 147 135 131 135 132 130 130 126 124 123 150 219 229 224 190 179 173 145 131 114 102 109 120 137 171 186 188 181 196 207 198 179 151 130 193 197 187 183 177 153 151 168 161 150 145 152 156 180 193
52 72 52 58 62 71 68 60 56 66 116 177 214 222 194 86 35 29 34 41 34 26 30 37 43 48 66 77 79 90 87 79 80 100 138 99 72 67 63 60 60 64 66 61 54 58 54 48 38 32 57 63 56 50 89 114 81 54 30 31 35 40 53 81 186 189 195 204 206 197 190 175 160 154 144 147 146 150 145 138 142 139 135 134 131 126 129 127 188 227 231 224 217 172 136 152 139 140 123 113 96 104 107 151 153 158 167 191 194 179 149 142 154 182 185 198 187 168 165 176 169 145 130 143 167 181 194 191
37 55 61 62 44 61 76 63 51 44 55 98 170 207 207 131 41 31 44 52 53 35 42 50 43 37 59 85 98 93 89 75 69 108 105 70 71 81 87 65 52 45 45 53 64 65 44 42 50 35 54 61 60 94 82 42 41 50 48 74 115 166 202 207 210 203 201 193 182 173 161 150 148 146 148 139 145 136 129 125 126 124 123 116 119 120 144 198 223 220 210 195 189 153 125 125 124 119 102 91 89 88 103 125 118 134 148 173 162 133 132 138 154 171 180 182 173 151 135 136 136 131 152 169 184 188 187 182
43 45 50 56 45 36 56 72 60 41 38 45 81 150 182 152 79 36 37 45 51 45 48 79 113 187 217 219 219 227 220 206 177 153 110 117 76 56 57 59 55 61 50 55 75 76 56 44 38 40 63 67 108 111 38 68 93 147 205 211 212 207 203 197 183 187 175 164 165 174 165 154 145 152 154 138 133 125 125 129 126 123 122 123 120 155 203 215 209 189 172 160 145 129 133 123 118 113 103 97 98 75 71 86 109 131 136 149 159 162 143 152 157 138 139 139 146 145 140 138 149 162 174 180 175 178 178 176
46 37 47 64 57 54 53 60 58 49 44 51 61 111 161 173 132 77 49 58 93 181 227 213 178 157 144 127 123 131 125 116 112 127 140 143 150 138 70 55 53 46 53 62 78 78 60 49 45 51 76 114 120 115 175 199 217 224 219 215 208 204 199 205 213 208 212 211 211 210 211 205 191 190 172 172 164 167 178 177 168 171 162 149 159 192 216 211 199 182 163 153 135 119 113 117 123 115 93 89 63 56 52 68 87 124 139 164 152 139 132 140 138 127 140 149 164 161 160 175 186 184 174 183 188 181 170 160
48 39 35 40 38 65 74 63 48 44 48 53 62 75 132 173 166 137 131 200 217 180 137 129 115 102 57 29 28 35 40 46 45 48 46 54 76 113 140 137 88 53 68 76 84 93 71 57 44 83 153 185 194 221 220 221 218 215 219 214 214 218 216 215 221 222 224 223 219 224 227 222 222 222 212 215 214 213 218 214 216 216 216 206 189 192 197 185 175 170 161 158 140 131 128 138 118 94 92 67 47 47 47 62 84 110 139 159 160 165 152 145 149 165 166 170 175 176 177 178 174 173 182 180 175 176 172 160
65 75 74 70 61 106 123 121 127 140 169 184 170 173 177 183 176 178 194 183 156 131 90 55 42 22 9 5 6 6 16 25 26 16 28 31 34 31 39 66 100 109 140 124 99 121 146 161 177 205 218 220 212 206 214 202 206 210 206 210 214 215 215 213 210 212 211 205 202 195 189 190 198 193 184 182 183 175 176 175 183 174 174 182 173 187 179 178 186 180 183 173 161 154 133 122 96 94 98 74 64 56 59 73 104 123 136 145 156 165 164 157 152 158 165 172 171 170 173 171 175 177 183 184 169 161 164 167
139 149 134 118 80 58 56 53 55 52 50 53 54 72 104 117 144 172 154 120 93 64 46 18 10 3 6 0 1 2 8 9 16 26 28 14 18 25 17 19 30 60 87 111 219 224 220 224 221 217 218 218 215 206 206 204 202 191 190 186 178 179 184 183 178 162 153 157 157 163 169 168 175 176 183 184 177 156 153 157 156 154 143 137 146 146 154 155 149 157 156 157 151 158 152 139 125 110 83 58 41 62 80 86 115 146 155 150 151 156 160 168 159 160 155 154 165 173 177 167 165 169 173 188 191 198 189 183
53 58 53 74 99 39 39 54 65 72 84 78 72 63 69 115 146 135 115 79 58 45 18 12 14 16 42 89 95 71 23 12 8 12 14 18 19 22 20 18 19 21 37 63 133 223 223 221 224 221 214 205 197 188 191 183 178 184 181 178 175 174 167 164 157 155 144 141 147 145 147 147 155 150 159 158 158 158 156 135 132 137 131 132 126 122 121 117 122 122 125 129 134 133 138 141 132 124 73 54 58 53 67 101 125 143 162 168 151 146 150 154 165 149 156 160 173 174 179 187 195 196 185 159 161 175 177 176
67 53 64 85 95 81 52 62 67 72 71 72 66 53 54 74 131 123 76 52 38 24 22 21 57 192 183 164 145 126 65 13 2 1 7 9 8 14 17 22 17 15 15 27 59 107 197 204 189 178 170 155 155 155 145 152 157 154 153 146 156 158 153 157 147 143 140 140 135 134 140 131 136 138 137 145 147 151 149 137 124 129 128 121 124 124 108 104 91 94 97 98 103 109 112 99 100 87 55 48 58 62 75 98 127 138 154 166 161 139 128 126 135 151 157 156 170 180 184 177 182 187 195 205 195 198 181 151
84 88 96 88 77 69 107 93 70 86 80 74 80 74 111 247 210 117 79 41 30 27 53 167 206 188 176 162 144 117 34 0 4 2 2 7 8 14 24 34 26 28 25 16 28 47 66 145 165 147 143 149 145 142 135 125 132 137 137 143 144 145 145 151 138 128 134 126 132 123 127 134 134 135 134 136 138 134 132 131 125 135 134 133 135 127 125 110 113 101 86 69 68 83 76 79 58 41 33 55 101 98 83 104 120 136 141 148 160 170 182 172 154 138 146 147 143 167 168 166 160 161 168 173 183 192 203 205
97 105 121 107 71 45 32 61 122 76 62 72 87 82 111 201 138 95 62 45 63 168 218 198 191 177 176 154 111 25 11 4 2 0 0 0 1 9 19 29 28 21 19 12 22 32 46 68 128 125 123 131 138 135 125 129 128 130 128 137 130 133 141 140 141 127 130 127 123 119 130 129 129 127 124 128 135 133 131 125 139 128 130 127 127 140 132 133 127 132 124 122 93 69 64 58 63 54 55 54 42 58 93 110 124 137 141 145 154 167 171 164 165 160 153 140 133 145 147 162 166 174 177 182 180 194 201 190
75 93 102 105 76 56 42 41 75 89 129 91 72 89 94 119 99 79 82 196 214 188 188 179 166 92 59 42 34 20 12 4 1 0 2 0 2 11 5 9 4 14 11 10 8 26 33 37 51 118 129 122 122 127 130 126 131 132 128 130 125 129 130 137 135 127 125 131 128 141 128 125 126 121 128 130 154 146 145 146 146 142 139 137 135 132 138 152 145 147 146 139 134 110 90 97 87 73 57 55 66 87 102 128 148 153 163 173 159 149 153 172 189 164 140 122 126 150 182 188 184 188 190 192 191 150 138 136
99 107 91 93 81 86 74 50 76 82 89 107 106 88 102 102 81 69 76 175 178 161 137 99 31 15 10 4 7 5 1 0 1 0 3 4 7 6 4 10 7 15 12 22 15 16 18 21 26 76 118 123 116 119 125 122 128 127 128 126 128 127 127 128 119 116 118 119 117 122 134 132 129 121 147 158 164 154 150 168 161 152 158 150 162 164 168 160 157 162 171 171 172 174 135 118 101 95 56 38 53 88 110 122 135 145 163 163 155 149 154 166 172 191 188 172 157 127 121 128 143 144 163 176 188 197 188 182
133 135 136 141 93 87 83 48 59 72 62 69 91 118 146 86 67 63 47 56 56 45 27 19 3 8 5 3 5 -1 1 0 2 0 1 7 10 7 13 12 12 13 13 11 17 8 9 18 63 84 100 110 113 115 124 140 137 144 143 142 144 138 129 135 127 130 125 128 115 113 112 123 129 164 162 175 182 171 178 175 176 182 192 186 197 186 183 195 207 196 206 201 190 202 196 189 163 137 87 40 64 97 119 147 155 160 153 148 157 161 157 166 172 177 182 188 177 148 124 134 160 161 149 173 165 168 180 184
114 115 105 81 60 68 69 47 61 110 103 95 79 69 60 79 114 94 47 24 20 11 8 1 2 2 0 1 0 2 2 0 1 0 1 1 3 19 17 20 14 16 12 7 9 7 9 43 66 109 105 108 119 111 128 135 135 144 151 153 148 137 131 131 138 140 148 148 155 150 156 166 164 180 188 187 178 200 200 201 206 195 192 202 217 196 209 214 206 216 210 210 211 192 199 186 179 181 173 145 113 120 131 149 158 163 162 161 166 169 175 172 173 182 184 193 191 182 170 156 148 161 166 176 183 188 185 194
71 55 76 94 94 99 97 56 45 96 100 79 67 54 55 60 46 57 65 26 18 14 6 3 3 0 5 0 1 1 3 6 1 1 2 2 6 1 0 9 13 12 11 9 10 16 23 38 56 90 110 108 107 124 153 150 160 161 159 156 151 148 137 142 170 171 180 180 167 188 190 192 198 207 204 206 205 211 214 211 210 212 212 208 200 217 209 220 219 222 214 218 215 200 195 208 198 197 179 169 179 165 157 146 144 146 142 143 145 160 169 170 171 173 176 176 186 201 194 182 174 171 169 161 178 181 170 158
78 85 88 85 82 70 71 61 32 50 64 76 88 90 90 99 98 86 75 51 26 19 14 8 8 12 3 1 0 0 3 5 2 1 1 5 1 4 3 11 5 11 11 18 43 54 72 83 99 105 108 129 147 151 141 151 155 151 150 140 145 154 156 170 180 184 186 184 186 195 180 174 181 191 205 191 190 207 201 193 199 204 211 217 219 216 219 221 218 209 217 217 214 198 203 192 207 199 196 199 201 187 190 162 137 144 148 142 137 130 133 147 159 148 149 150 157 172 186 188 162 146 161 178 178 204 208 211
80 77 72 85 94 91 105 100 51 98 132 138 143 138 123 80 53 47 54 61 32 18 13 10 8 6 1 4 3 7 6 5 11 5 4 7 6 6 14 20 23 24 36 57 55 63 79 92 104 127 132 147 161 165 168 161 169 160 172 170 175 178 182 184 168 179 178 181 182 172 158 158 174 165 170 179 189 189 183 178 186 195 196 197 194 187 199 212 222 224 222 223 224 219 224 215 206 202 201 193 208 208 208 205 200 183 164 167 172 170 172 161 149 155 156 168 179 184 187 198 202 191 178 165 166 166 175 180
111 90 78 84 85 83 106 111 55 83 94 71 86 95 71 47 86 129 119 107 77 24 13 7 7 8 7 1 3 7 5 6 5 6 7 12 22 41 49 69 81 96 93 81 77 77 83 116 125 129 148 169 177 175 185 185 192 191 182 197 185 180 185 178 183 182 175 166 163 180 170 159 151 147 158 167 181 179 178 180 173 173 185 173 173 189 179 205 212 219 215 225 220 220 223 222 209 216 191 188 189 197 197 202 198 200 196 186 180 179 169 179 178 157 148 149 159 178 184 190 204 208 177 149 153 156 170 183
97 96 73 80 115 155 150 120 60 79 124 142 145 143 135 114 80 55 59 89 118 90 39 13 6 7 1 8 5 7 8 6 4 8 10 27 49 71 90 105 103 114 100 75 74 98 104 128 139 162 178 176 179 177 181 183 193 198 203 187 188 188 186 190 184 185 179 190 179 173 166 158 156 152 164 179 183 185 180 175 172 170 177 174 185 190 194 189 193 200 193 212 202 216 210 207 221 205 199 184 178 193 196 203 200 193 197 201 199 168 147 152 172 175 170 165 172 171 167 160 175 180 180 188 169 168 154 161
90 86 100 134 130 97 105 109 62 63 91 109 122 128 130 112 100 112 110 108 117 126 89 41 16 6 4 6 4 7 8 6 11 15 18 43 59 83 116 122 119 88 69 61 100 124 147 174 165 163 185 189 185 178 204 209 186 189 203 197 190 188 190 188 194 203 187 184 175 170 163 155 156 145 144 151 154 158 172 170 179 176 174 176 183 194 199 204 192 204 205 208 192 219 201 217 205 200 220 216 218 215 201 188 191 193 187 188 188 202 197 172 173 184 183 169 159 165 167 154 157 162 181 189 176 162 158 179
131 134 108 81 75 89 88 86 54 74 118 106 96 104 106 97 102 117 135 150 178 186 152 125 68 24 14 16 16 16 15 17 20 37 56 88 117 136 131 108 85 78 75 112 109 132 142 148 177 175 172 173 188 208 190 193 205 195 186 189 182 190 185 197 195 186 178 178 188 188 175 168 162 148 148 146 145 152 154 170 182 184 184 182 189 194 192 203 214 213 225 206 200 204 196 187 209 212 221 211 214 201 199 198 184 151 153 169 167 179 199 172 152 174 184 176 170 175 177 164 147 132 149 184 190 182 175 171
121 130 116 110 114 102 95 102 55 77 121 115 120 120 108 97 103 112 132 174 198 191 156 125 74 30 20 21 23 25 27 41 50 63 87 132 136 120 96 78 85 92 135 133 136 141 130 146 166 171 180 186 203 212 214 211 207 205 206 204 193 186 193 203 188 194 185 185 181 169 164 160 155 155 165 174 165 180 177 176 183 183 176 193 212 207 215 213 217 218 221 214 200 201 172 178 190 202 195 197 199 213 206 189 173 158 154 163 164 174 185 188 163 160 173 171 159 153 161 167 158 149 148 173 173 191 194 179
155 162 143 140 136 99 102 107 61 66 97 91 84 72 75 99 105 122 153 185 194 187 169 142 111 67 58 46 41 40 49 53 56 82 125 141 126 99 72 64 93 117 123 134 164 176 159 177 177 181 181 174 187 193 184 180 180 174 190 200 207 193 180 196 184 186 201 192 192 189 174 179 177 187 202 215 209 203 201 195 182 173 178 183 189 201 211 215 218 219 212 217 214 194 188 193 198 178 172 176 167 189 185 190 173 154 143 148 160 165 173 192 195 150 159 168 179 174 158 154 160 155 156 171 174 170 178 172
134 145 141 134 126 107 114 105 48 44 75 78 79 74 80 107 129 161 190 194 189 181 175 162 132 98 70 47 28 23 25 45 92 135 138 130 120 99 79 93 97 110 138 142 153 166 174 162 165 174 183 195 200 200 190 199 195 202 200 195 195 192 182 168 171 167 180 182 193 198 193 203 208 214 211 212 210 201 207 184 189 174 184 174 187 186 191 211 216 222 209 215 217 199 195 208 191 198 174 168 177 165 178 186 197 178 169 155 157 152 153 159 187 164 151 156 169 157 148 135 131 135 134 157 172 170 186 179
90 105 101 105 126 129 122 104 55 56 91 85 88 112 132 132 154 189 201 188 176 179 184 180 158 120 79 59 54 54 71 113 137 143 135 112 95 74 76 99 127 139 146 145 148 139 155 178 184 177 179 182 185 188 201 205 211 200 197 189 178 160 190 194 184 170 175 177 181 193 202 203 212 227 224 195 211 214 194 188 172 181 195 190 186 186 187 191 201 208 221 224 230 229 222 224 211 173 154 156 172 185 174 182 198 195 185 153 141 141 161 151 166 167 142 148 156 160 146 146 149 146 147 163 158 173 165 160
81 77 71 74 79 71 83 89 50 86 133 135 135 144 147 158 184 190 194 192 181 178 172 172 151 130 101 70 64 85 112 131 134 136 123 110 119 129 141 150 136 144 157 174 159 171 172 183 170 170 163 159 158 172 196 187 181 194 191 191 198 190 168 155 166 182 208 219 196 191 177 205 212 195 223 226 223 209 194 184 173 181 167 176 174 179 187 181 188 204 206 206 209 225 228 229 215 221 188 161 175 185 173 176 161 153 147 145 143 132 134 138 152 171 149 141 153 154 141 128 127 118 130 155 157 163 171 170
87 139 148 98 85 77 86 80 53 101 132 133 129 134 146 163 176 177 165 162 170 177 180 182 151 111 78 77 99 119 121 120 106 93 96 115 123 121 109 126 146 164 172 165 161 168 186 199 199 190 200 199 216 218 199 218 221 211 211 209 200 200 192 202 205 196 200 212 214 215 222 233 237 233 230 217 227 221 198 175 158 159 165 178 182 185 185 179 197 188 198 197 221 217 230 224 224 228 221 188 165 166 159 144 141 149 150 123 106 113 129 139 141 166 134 127 132 157 159 119 93 106 125 138 155 162 173 193
112 58 132 176 155 141 127 96 41 46 67 74 92 116 136 181 181 167 156 153 167 187 179 172 156 103 74 61 87 99 100 112 129 127 114 111 110 115 119 140 153 158 151 151 150 162 162 159 163 178 187 212 216 219 223 213 196 195 171 154 141 142 150 160 161 170 173 162 171 184 191 205 212 220 204 195 202 210 205 203 190 185 167 178 166 160 176 183 196 202 211 208 197 204 215 217 227 206 209 207 189 191 178 134 138 132 141 135 127 119 128 125 122 169 154 137 133 148 159 137 93 80 114 122 127 140 161 175
79 40 102 111 121 131 134 105 52 87 110 99 82 110 166 185 183 174 169 175 182 191 179 176 145 98 96 113 110 122 133 133 123 95 85 94 110 113 121 125 136 146 149 144 164 154 151 165 173 159 172 186 188 169 172 185 198 195 201 201 190 165 159 165 186 171 178 185 191 195 213 204 170 148 132 153 140 143 165 182 190 187 171 168 170 143 137 171 185 214 200 185 176 182 189 225 231 225 210 225 214 203 197 150 126 94 95 89 90 85 72 103 111 144 145 120 123 142 156 137 104 80 92 118 144 139 158 173
81 72 130 121 103 95 123 104 47 82 109 109 82 130 165 166 163 154 162 172 172 176 153 124 133 112 91 121 141 130 127 110 90 77 70 79 66 84 98 104 112 120 129 136 131 162 179 166 158 163 170 187 195 208 207 193 196 184 172 166 168 152 156 168 148 160 192 206 200 186 168 151 135 94 72 121 145 146 130 136 154 150 153 150 146 142 154 186 217 199 210 197 182 156 188 200 209 214 222 221 151 132 86 111 131 139 115 102 67 69 73 106 118 149 151 139 126 144 169 144 86 90 102 122 105 100 134 164
66 69 129 134 138 133 115 78 43 57 62 77 115 147 163 161 153 149 164 164 162 169 181 175 160 141 145 137 128 108 72 55 72 88 78 85 117 109 90 105 120 131 133 134 151 140 140 132 126 135 136 141 139 137 153 162 175 184 187 181 168 156 151 154 162 160 163 144 80 47 41 52 54 68 87 74 100 111 116 122 144 143 142 154 165 171 187 185 201 199 195 201 184 163 166 164 165 156 169 174 111 39 22 26 63 69 52 49 49 52 55 80 102 141 140 121 126 135 151 134 106 79 84 121 132 132 131 127
50 79 140 153 143 103 89 61 40 63 66 61 87 136 158 148 151 160 181 183 170 157 151 144 136 136 150 140 98 70 79 84 70 56 58 64 94 114 128 134 129 122 132 148 134 127 115 131 144 131 133 137 140 140 152 144 144 155 136 139 151 157 136 135 141 99 50 40 31 34 39 33 30 33 59 68 67 77 119 135 155 150 149 164 196 203 189 187 188 194 196 193 185 159 146 126 134 130 114 97 26 30 36 46 69 77 61 45 56 70 73 70 74 125 138 121 93 123 141 127 82 81 119 116 75 109 135 147
59 40 96 101 94 108 109 66 67 123 133 122 113 130 150 150 146 134 142 151 150 158 163 156 132 117 112 105 97 75 65 57 47 52 57 51 59 72 97 128 126 112 114 105 108 103 119 127 139 138 122 136 141 158 142 145 156 154 145 127 101 116 122 106 58 42 39 23 36 82 91 48 15 24 44 61 115 143 154 167 164 157 156 178 208 214 213 203 185 199 197 219 204 173 147 150 141 126 65 24 14 17 41 49 89 97 67 59 57 57 66 70 75 120 122 111 97 105 128 104 79 67 82 149 143 130 119 127
61 37 74 102 111 103 96 61 101 147 159 157 152 144 147 138 131 137 141 131 123 127 128 138 150 125 114 121 85 79 69 69 74 72 63 53 59 82 90 103 103 98 98 80 90 105 115 119 86 73 76 97 93 117 122 127 112 105 92 95 111 138 135 136 103 68 46 73 55 66 71 61 40 54 88 108 149 167 174 190 195 201 202 199 217 230 229 217 210 211 210 219 215 192 168 154 147 112 64 44 50 58 55 72 76 59 72 76 68 59 53 63 62 116 132 116 112 113 123 102 82 91 90 114 126 131 131 128
53 45 43 113 129 126 101 60 117 151 156 157 152 151 147 128 121 138 136 135 142 149 157 156 156 147 122 84 66 65 73 84 74 54 39 33 46 64 75 83 97 114 123 115 134 101 91 103 111 123 129 110 126 140 142 148 149 136 132 131 119 115 138 149 124 86 64 45 32 40 52 46 42 60 76 108 156 177 188 193 199 216 218 223 224 223 225 231 223 235 232 238 226 232 203 184 168 145 82 69 81 74 82 66 54 48 39 63 55 40 34 47 60 120 116 87 95 106 103 74 63 93 103 109 128 143 129 125
45 62 38 97 139 136 102 72 138 163 159 154 156 152 136 120 129 128 129 137 137 136 136 146 147 122 116 110 96 82 61 72 71 60 57 56 46 43 49 71 105 114 109 127 131 134 128 129 116 92 79 106 114 101 94 98 106 105 96 101 100 84 82 82 64 72 67 55 57 79 85 87 110 120 114 132 171 205 219 208 205 204 217 220 227 232 226 240 239 231 237 239 242 237 228 220 189 159 114 73 66 48 59 52 47 40 36 38 32 23 30 49 68 131 121 88 90 96 95 56 63 73 107 117 87 101 134 142
48 78 62 54 128 126 81 75 112 141 141 144 148 137 119 101 101 112 120 132 136 132 136 137 141 131 107 83 44 50 63 58 60 46 49 52 41 51 89 114 106 92 111 95 77 82 78 66 67 98 106 109 104 75 150 149 143 140 126 130 120 104 97 84 58 51 70 85 79 92 89 103 130 124 121 152 180 173 178 214 231 237 231 233 237 235 235 246 246 245 246 247 241 240 242 232 214 194 162 104 52 49 49 27 30 32 40 43 45 45 35 42 69 108 84 59 84 90 69 50 68 83 75 105 125 92 58 121
28 68 112 55 113 109 76 133 128 136 139 127 108 118 124 98 88 112 135 128 129 128 126 121 105 98 88 63 59 44 55 74 73 68 68 72 56 79 126 110 87 101 116 119 96 113 127 107 99 98 79 103 126 101 94 87 75 62 93 109 104 96 73 78 63 69 82 87 91 98 111 108 94 104 125 151 177 194 212 228 240 242 245 236 241 243 248 251 250 250 248 247 243 248 244 244 238 216 198 187 94 44 31 25 30 44 47 44 49 54 56 66 106 82 60 69 89 79 62 62 48 71 83 89 112 121 133 99
25 33 57 43 50 61 72 124 108 85 81 88 125 131 116 92 84 109 130 132 136 138 133 128 122 93 64 59 42 43 57 56 72 78 67 64 72 78 84 81 71 72 97 116 109 93 79 63 68 66 99 89 63 61 81 78 88 82 57 59 66 54 54 56 90 71 64 51 51 78 93 95 75 94 138 167 185 201 228 238 244 246 237 229 239 245 243 238 228 212 216 223 231 237 234 224 220 227 204 220 192 56 28 31 33 33 33 29 34 42 57 97 106 60 73 85 78 64 59 75 83 65 105 108 94 117 129 121
26 25 49 53 26 45 59 67 57 68 103 117 122 126 123 108 94 96 78 116 141 116 90 63 47 56 72 72 66 48 60 70 97 98 73 86 106 100 98 91 71 61 64 50 50 47 59 85 75 77 66 68 67 83 86 117 130 118 86 58 62 61 52 52 42 34 36 37 40 36 47 58 67 102 150 180 203 232 232 238 233 234 237 240 242 242 231 214 215 211 223 232 239 238 237 234 229 224 211 211 228 191 46 38 40 29 25 25 29 46 78 87 73 57 70 98 66 36 61 68 93 114 106 109 126 98 106 126
98 23 33 59 37 37 61 81 94 100 104 106 100 96 102 104 76 60 80 101 100 79 72 58 60 97 82 81 47 45 43 63 110 83 60 53 82 80 94 85 88 63 52 61 75 67 56 45 33 30 37 51 45 40 64 54 36 33 50 65 65 57 51 45 39 36 42 47 55 71 84 111 106 116 142 174 214 222 233 237 245 247 242 241 227 226 224 234 243 244 247 247 246 247 245 240 232 203 178 198 227 234 158 45 32 32 26 32 56 75 91 70 72 52 66 70 60 39 53 75 77 94 111 115 109 107 91 111
187 158 48 35 40 66 107 106 110 111 106 98 86 83 86 100 90 71 67 99 108 86 70 61 85 77 65 34 39 43 42 58 90 81 43 52 81 111 108 111 99 80 76 70 55 59 49 44 49 58 39 30 33 34 36 38 44 49 39 42 34 38 39 35 52 67 64 70 64 73 90 112 134 145 175 208 212 217 216 231 228 232 239 238 238 242 242 244 241 236 235 240 241 244 249 248 233 222 174 169 191 211 212 74 49 29 25 38 63 97 83 42 57 62 57 35 34 43 58 70 79 63 98 114 122 125 96 69
35 79 180 164 76 46 101 99 87 81 85 87 87 76 74 87 91 80 59 74 93 81 58 51 47 65 43 31 42 37 33 52 69 66 59 42 33 62 84 81 60 62 59 75 73 69 57 45 42 26 28 35 31 32 27 24 28 29 42 28 36 51 65 71 85 90 70 76 81 101 101 105 121 140 176 203 219 236 235 227 232 227 224 228 229 233 235 238 239 238 246 246 247 250 249 250 239 221 179 156 186 194 204 144 51 31 34 41 68 81 46 28 55 45 34 33 46 45 59 73 68 59 57 112 114 111 126 117
47 50 20 58 119 70 53 71 69 81 76 84 84 75 69 73 81 85 80 74 49 35 72 62 46 58 60 52 43 29 24 25 38 43 47 32 27 47 68 56 63 72 73 51 45 36 28 31 29 25 27 41 27 26 19 17 17 25 29 44 42 33 50 65 79 80 86 59 66 87 108 112 134 165 189 201 224 232 227 229 203 170 193 223 233 235 237 237 236 244 245 244 237 245 248 249 249 243 223 211 216 215 186 188 104 44 53 62 75 66 51 33 37 18 27 36 54 58 65 86 96 96 50 76 119 125 109 114
57 50 23 11 26 51 29 40 42 48 60 71 71 75 80 109 107 100 81 71 57 40 35 46 38 50 35 36 30 30 16 16 19 23 22 16 22 36 58 48 82 79 62 49 40 28 24 21 24 19 25 17 17 17 8 16 25 24 27 32 45 53 47 52 57 62 73 93 95 90 102 109 132 162 210 231 231 216 234 223 221 200 207 225 231 240 254 253 240 233 226 227 226 234 240 237 231 232 240 245 236 214 199 187 221 174 68 63 55 47 52 26 14 18 27 34 56 66 58 64 97 114 70 50 65 123 123 105
86 47 19 26 60 129 84 31 43 52 63 70 82 86 89 92 80 72 80 81 67 49 35 29 29 36 32 36 32 23 24 18 32 49 33 29 17 18 29 25 49 42 32 31 25 17 20 16 17 16 18 10 15 15 14 16 11 13 23 25 24 29 36 46 56 60 75 74 72 87 93 111 135 177 214 236 246 238 240 235 232 223 213 223 235 234 195 165 168 174 181 177 171 172 163 152 154 156 151 137 184 223 184 161 209 241 125 28 41 42 38 28 23 21 35 47 52 56 64 45 82 107 113 71 58 100 100 121
40 21 28 67 100 96 132 92 36 39 43 53 65 73 75 73 72 73 88 99 88 65 46 35 29 32 30 27 23 31 27 23 30 28 24 17 19 17 10 5 7 12 17 23 31 27 17 17 14 13 17 12 11 12 10 11 16 19 24 32 27 38 48 40 51 46 55 61 64 84 102 108 121 182 213 237 247 243 234 243 233 189 206 192 185 152 144 163 175 182 184 174 166 171 172 175 158 126 122 106 90 127 151 161 194 216 176 38 29 33 17 17 26 29 24 46 56 43 56 62 43 96 128 76 67 89 94 106
30 25 48 139 181 138 62 131 153 137 118 107 97 87 74 68 70 79 83 86 101 88 62 41 37 31 21 13 12 14 22 26 18 21 16 15 14 13 8 4 3 8 7 2 8 7 16 15 10 10 8 6 12 13 15 15 15 16 24 26 26 28 28 35 47 45 38 42 52 51 61 70 81 161 206 230 249 250 239 232 230 181 164 139 145 171 177 153 148 140 127 105 94 93 113 124 126 133 137 138 129 114 122 126 158 193 163 34 13 13 11 15 33 30 32 27 43 41 46 58 49 51 102 88 78 99 116 96
18 31 50 104 127 51 83 135 139 191 184 193 192 195 187 174 169 163 160 159 155 159 113 58 47 28 25 21 16 16 13 6 13 6 4 6 7 8 5 3 3 9 8 4 5 2 2 3 9 10 12 15 16 13 17 16 13 15 16 15 15 16 16 28 43 49 48 43 53 78 62 51 67 166 216 213 237 247 246 225 216 185 142 129 122 96 75 49 37 42 63 83 63 63 66 46 32 40 54 61 78 92 95 104 126 140 100 10 11 16 15 18 38 25 22 27 29 49 48 41 61 61 87 104 84 95 107 90
100 78 52 43 38 50 66 78 75 89 161 144 103 117 129 141 146 151 151 152 156 165 154 142 114 40 27 23 19 18 17 14 10 9 8 7 5 0 1 4 2 0 3 1 1 2 2 1 2 7 8 12 8 10 14 14 13 12 13 14 14 10 12 17 31 31 33 37 61 74 63 60 68 164 212 212 219 232 242 239 212 182 136 103 66 39 25 16 11 10 11 39 50 56 40 16 13 10 14 20 45 68 62 94 124 136 66 12 15 16 24 32 37 19 34 38 35 36 53 53 50 59 69 109 101 107 117 117
50 29 41 66 55 48 58 77 83 79 73 131 171 129 87 68 69 72 74 71 76 88 104 119 120 70 44 33 25 19 15 15 13 14 12 10 8 8 3 1 2 1 0 0 2 4 3 2 5 6 9 6 6 8 15 17 14 14 16 15 14 14 15 19 17 15 18 30 37 60 84 108 140 143 167 190 186 199 213 185 170 190 161 86 37 29 49 76 101 112 67 62 50 36 63 66 110 120 88 54 25 26 40 107 119 116 25 11 20 18 29 39 30 17 31 38 33 21 46 59 53 37 60 113 108 114 116 123
36 62 75 72 51 34 36 46 60 71 75 90 100 116 140 143 99 99 123 136 149 163 165 169 173 133 94 56 35 22 18 11 5 7 5 8 9 8 2 4 3 3 2 1 0 3 -1 3 1 4 3 2 6 2 11 12 9 16 18 18 15 16 14 16 21 18 21 25 32 31 44 59 78 108 118 127 136 135 150 106 108 157 159 119 65 43 52 52 59 69 61 30 22 24 38 56 85 75 49 44 41 39 66 103 99 49 9 16 18 14 29 40 18 33 23 36 55 37 32 53 67 50 51 131 118 110 126 130
67 63 58 59 49 46 50 48 44 38 32 37 58 93 123 123 133 155 168 127 89 83 100 140 131 131 121 77 53 38 34 25 14 13 9 9 6 3 3 2 0 1 1 0 2 0 1 0 6 5 4 1 1 0 3 3 8 9 12 10 15 14 14 15 16 18 20 18 18 21 21 23 21 35 50 64 81 95 84 87 118 110 110 108 80 65 39 31 51 76 80 92 83 63 58 67 62 55 34 28 40 51 51 68 46 12 11 16 23 19 32 32 27 41 27 25 57 43 37 53 73 70 85 91 125 123 136 127
51 48 57 71 49 41 41 43 54 75 101 118 123 120 107 84 77 77 79 105 124 111 123 126 124 146 143 106 56 47 46 35 29 22 20 17 14 6 4 0 2 1 1 2 -1 2 2 1 0 0 3 0 1 2 8 3 2 7 10 8 8 12 12 14 15 11 10 10 14 10 9 11 13 16 20 22 40 53 71 96 114 113 63 61 73 65 45 44 31 30 34 50 83 70 71 52 37 31 36 35 35 37 33 18 5 4 16 23 25 25 29 28 28 48 47 29 58 56 59 47 90 115 101 106 93 135 129 144
109 116 95 65 31 41 77 103 121 118 104 81 58 50 46 48 51 55 57 55 51 53 105 140 153 168 152 107 56 52 47 39 28 24 20 19 13 9 8 9 1 5 2 0 1 1 1 0 1 2 1 5 -1 -1 5 6 3 6 12 8 6 7 7 13 9 13 13 13 15 12 12 10 13 15 16 16 17 20 29 50 69 78 63 28 20 23 37 41 39 32 28 25 23 39 33 33 33 26 21 21 27 57 57 11 10 3 7 20 32 39 45 31 33 42 52 49 61 67 54 63 55 104 121 108 102 104 134 125
80 53 40 51 94 132 141 122 78 44 30 45 58 66 61 33 26 41 55 59 54 61 89 122 131 124 122 120 89 69 53 43 32 29 24 14 13 13 14 10 11 11 8 0 4 0 2 1 1 0 1 2 0 3 1 3 2 5 4 2 5 6 7 8 4 4 7 11 6 5 6 10 7 11 16 15 13 11 4 2 6 17 47 87 63 36 26 33 39 35 30 28 26 24 16 13 21 37 59 90 90 54 12 15 16 4 1 9 27 28 34 24 39 25 41 69 74 83 95 93 61 57 113 140 107 100 109 137
71 67 89 120 161 210 152 67 64 58 62 89 105 89 56 38 37 77 112 123 127 120 104 111 130 141 132 122 127 119 67 41 33 29 25 16 15 15 11 10 9 13 10 3 1 1 -1 0 3 0 1 1 4 0 1 1 2 0 0 1 0 3 1 6 3 2 0 1 4 4 1 0 0 -1 1 4 2 3 6 3 0 0 -2 12 54 99 107 100 83 81 78 69 56 41 32 36 59 71 63 22 4 3 17 23 21 15 3 5 35 39 31 29 37 46 40 59 78 74 90 100 105 67 67 129 120 103 114 100
46 50 84 109 161 214 185 104 75 97 109 102 78 61 58 53 50 54 52 51 60 80 108 122 125 139 121 106 91 75 56 55 55 48 29 14 9 18 13 5 3 10 9 5 7 5 1 2 0 1 0 1 0 0 0 0 1 2 2 3 1 0 0 1 2 2 0 1 0 0 0 0 0 0 0 1 1 -1 1 1 2 0 0 1 0 1 2 9 19 29 32 27 30 25 22 17 9 0 1 3 1 4 16 20 23 16 9 9 22 38 44 37 37 73 56 51 37 77 86 99 127 114 83 114 136 121 127 106
108 170 192 178 157 204 185 139 114 107 91 56 57 64 65 73 59 63 65 66 56 45 43 55 88 112 98 69 62 73 64 54 56 42 26 15 12 10 11 12 14 6 3 6 5 1 5 4 3 0 0 1 1 0 0 0 0 1 0 0 1 0 0 0 1 0 1 1 0 1 0 0 0 0 2 2 1 1 0 2 0 0 0 0 0 0 0 0 1 0 0 0 -1 -1 0 0 2 0 3 0 0 8 10 8 12 20 13 12 23 38 58 56 37 50 70 78 64 50 59 83 115 125 119 112 131 141 132 129
49 125 150 155 156 146 150 118 109 79 42 40 56 99 145 158 129 61 63 63 55 47 37 29 44 93 103 105 105 113 94 67 51 47 30 18 19 16 16 11 10 10 8 5 8 5 3 7 2 2 1 1 2 2 1 0 0 0 0 1 4 4 5 0 2 0 0 0 1 0 0 0 0 0 0 1 0 0 0 0 0 0 0 0 0 0 0 0 0 0 0 1 1 1 3 1 0 2 0 3 5 8 2 3 12 16 19 24 24 32 45 61 31 63 61 78 60 65 53 50 90 102 109 104 101 116 150 144
51 78 97 107 113 120 116 113 83 47 63 95 121 123 117 119 136 68 34 32 32 27 33 50 71 82 74 103 114 101 99 94 62 48 37 28 25 19 25 16 12 14 1 2 0 2 7 7 3 3 3 0 -1 1 0 0 0 0 3 2 0 1 2 3 3 2 0 0 0 0 0 0 0 0 0 1 0 0 1 0 0 0 0 1 1 0 0 0 1 1 0 0 0 0 0 0 2 0 0 -1 0 6 7 1 21 20 23 28 35 38 26 41 41 69 62 70 73 105 71 54 61 66 60 89 84 109 111 129
51 39 77 106 113 108 80 91 66 56 94 143 112 115 123 106 108 54 35 47 68 84 87 95 100 99 89 70 57 67 88 84 76 65 48 41 41 42 24 12 15 2 5 5 12 11 3 5 5 8 11 2 0 0 1 4 2 2 0 1 0 2 0 3 3 3 1 3 0 0 0 0 0 3 3 1 2 1 0 1 0 1 0 0 0 2 0 0 0 0 1 0 0 0 0 0 0 1 1 1 3 4 1 10 35 25 36 42 41 48 27 10 41 66 79 85 67 83 92 103 88 95 78 63 51 75 120 119
81 95 110 104 108 120 115 103 95 107 152 185 146 137 160 140 108 75 77 73 66 68 79 84 86 97 108 91 66 62 82 109 116 79 53 44 31 20 20 17 17 19 16 17 10 0 3 8 7 10 10 2 0 -1 1 0 1 -1 0 0 0 1 2 3 1 1 2 2 0 0 1 1 0 0 0 0 1 0 0 1 2 0 0 1 0 0 0 0 0 0 1 0 3 1 0 0 0 0 2 0 0 0 1 18 18 28 35 44 53 50 24 20 37 55 74 92 70 60 87 95 99 95 97 72 75 72 102 105
96 128 130 110 109 112 113 103 108 117 142 158 125 109 124 94 82 79 75 54 42 36 33 41 49 77 116 110 71 65 72 88 79 61 47 40 33 28 23 23 22 20 4 4 1 -1 2 5 8 9 2 2 5 0 6 1 2 2 2 0 0 1 2 1 3 0 3 1 1 2 3 0 0 0 0 0 0 0 0 0 0 1 1 0 1 0 0 0 0 0 0 0 0 0 0 0 4 0 7 7 2 0 5 4 14 35 47 59 68 49 38 32 34 33 53 73 69 85 80 102 83 118 102 90 59 76 81 96
29 46 118 109 108 106 99 95 94 109 126 110 118 122 103 54 46 56 54 38 29 33 36 42 57 81 90 73 46 46 62 66 61 46 46 59 59 50 33 26 23 13 10 -1 9 6 6 12 12 0 0 2 1 1 2 1 0 1 1 0 0 0 0 0 6 1 0 1 2 0 1 0 0 0 0 0 0 0 0 0 0 1 0 0 0 2 0 0 0 0 0 2 0 0 1 4 5 2 1 5 2 5 1 0 -1 13 39 42 69 56 49 36 45 32 32 51 65 66 80 104 92 102 100 67 69 66 78 71
108 88 74 100 100 95 86 90 86 85 106 115 107 74 60 58 65 73 83 83 77 71 61 61 61 71 73 55 55 75 70 59 48 37 39 52 57 60 84 72 51 35 22 16 13 14 8 10 -1 5 3 5 3 4 7 2 -1 2 0 0 0 0 0 0 -1 2 3 2 1 1 0 0 1 0 0 0 2 0 0 1 0 0 0 0 0 1 0 1 0 0 4 0 -1 1 1 0 1 1 0 0 9 6 1 4 5 14 13 36 65 42 54 45 48 35 32 28 47 53 58 68 99 91 113 63 68 64 70 75
27 66 100 92 95 83 83 92 112 81 95 94 82 89 96 91 94 120 140 121 97 72 70 69 76 95 75 60 85 118 111 69 59 65 67 44 49 107 117 84 89 88 56 41 20 16 19 9 3 4 11 4 6 5 3 3 1 1 1 1 0 2 5 1 2 2 2 0 3 0 1 0 0 0 0 0 0 0 0 0 0 0 0 0 0 1 0 0 1 1 2 1 5 4 5 4 9 7 0 10 12 9 4 5 4 2 9 28 33 29 40 41 52 49 45 29 34 52 61 56 59 97 98 78 67 60 72 63
43 69 85 100 79 81 82 85 87 97 74 49 53 66 82 109 124 125 110 86 74 82 76 90 101 76 54 75 124 132 109 75 60 77 88 45 24 54 84 82 105 114 80 46 22 21 19 18 13 8 10 7 -1 2 2 5 1 6 7 3 1 2 3 0 0 5 4 1 0 1 1 1 0 0 0 0 0 0 0 1 0 0 0 0 0 0 0 0 0 0 0 2 0 3 -1 2 3 7 11 14 13 9 14 14 11 7 15 29 21 13 21 36 39 52 38 46 28 53 68 42 63 73 91 83 66 81 68 73
147 74 70 68 76 72 80 57 54 42 50 66 55 30 46 65 62 67 81 94 97 97 111 115 98 69 93 118 120 94 69 77 97 98 78 58 65 99 114 111 124 92 53 40 20 17 21 16 18 23 13 9 5 3 4 3 5 1 4 2 1 1 7 1 2 1 6 3 0 0 1 2 0 0 0 0 0 0 0 0 0 0 0 1 0 0 0 0 0 0 0 0 1 -1 1 1 6 12 14 16 13 16 16 22 8 6 36 37 26 24 28 20 33 60 46 47 34 51 56 27 56 72 70 62 83 100 96 99
130 205 73 40 38 74 81 41 17 30 52 102 66 41 33 40 39 54 77 109 118 107 96 78 93 131 128 97 62 60 71 82 100 109 103 101 103 92 121 136 139 124 87 66 43 27 21 18 21 19 11 5 4 5 4 3 1 5 3 5 2 3 1 1 0 0 0 7 2 0 0 1 1 0 0 0 0 0 0 0 0 0 0 0 0 0 0 0 0 0 0 0 1 0 4 1 1 5 13 13 8 12 15 31 16 25 33 48 26 29 36 22 51 47 42 58 53 40 48 25 45 72 68 70 82 84 109 92
82 144 142 120 109 92 78 80 77 86 86 87 121 84 37 53 65 81 91 83 66 56 62 93 116 99 63 48 51 59 87 94 100 123 133 107 75 61 56 88 89 101 98 89 102 60 41 31 23 16 12 7 6 4 2 1 4 5 3 9 1 8 3 7 5 4 2 2 7 2 2 1 1 0 0 0 0 0 0 0 0 0 0 0 0 1 0 0 0 0 0 0 0 0 3 3 1 2 -2 4 9 13 20 27 15 26 37 36 26 30 30 44 50 52 33 55 59 41 39 17 28 37 48 103 75 77 95 86
165 159 151 134 91 85 89 54 35 28 16 12 66 101 58 79 129 93 48 37 64 98 99 91 78 45 37 45 55 72 109 118 132 121 68 70 88 86 81 105 112 68 68 90 73 62 55 47 37 25 11 7 9 6 4 2 4 2 4 7 6 2 1 4 9 0 6 6 6 2 0 1 0 1 1 0 1 0 0 0 0 0 0 0 0 0 0 0 0 0 0 0 0 0 1 2 1 0 1 6 8 8 21 16 23 25 25 27 26 33 36 29 35 53 40 50 53 46 33 21 24 32 33 69 76 72 96 61
75 84 67 32 19 14 35 23 17 24 47 53 66 87 77 46 68 54 35 67 124 130 97 59 44 59 76 79 76 97 100 97 111 117 118 74 91 114 98 114 110 84 43 50 63 66 85 84 60 29 14 8 9 17 10 2 3 5 2 4 0 9 7 2 9 4 8 5 4 4 4 2 0 0 0 0 0 0 0 0 2 1 0 0 1 0 1 0 0 0 0 0 0 0 0 -1 8 6 12 7 10 13 14 25 34 22 28 26 21 36 30 28 21 21 33 44 46 48 38 31 35 44 36 61 62 77 81 55
15 10 19 75 73 60 74 64 27 47 71 65 53 43 45 26 99 164 175 143 90 63 55 57 67 121 146 151 132 118 104 104 106 115 122 146 118 115 107 102 104 88 61 68 92 89 95 84 50 36 24 23 21 19 13 9 3 2 1 4 3 3 7 3 7 9 7 6 6 2 5 2 1 0 0 0 0 0 0 0 0 1 0 0 0 0 0 0 0 1 0 0 1 0 0 6 13 11 7 6 2 8 8 20 27 38 27 9 12 21 27 29 20 30 36 29 49 60 54 49 51 60 45 46 40 56 61 45
13 8 15 21 24 47 53 71 40 37 63 70 64 86 60 106 132 103 126 133 88 64 71 84 80 93 143 188 185 164 120 116 113 103 120 123 58 77 112 110 88 72 62 58 89 98 96 57 54 74 60 38 34 36 24 18 15 8 11 8 4 4 13 8 5 9 9 9 9 12 0 4 0 0 1 0 0 0 0 1 1 0 0 0 0 1 0 0 0 0 0 0 0 0 5 9 17 16 11 10 12 10 5 16 35 27 14 11 31 30 35 31 31 39 30 30 48 49 58 58 59 56 35 63 48 51 58 46
20 17 10 7 18 26 36 29 20 16 60 74 71 90 84 141 146 117 92 90 98 120 132 122 105 139 158 184 155 80 97 130 148 123 81 70 103 113 98 102 94 70 80 68 67 80 88 78 59 68 99 65 51 38 26 16 15 12 7 8 6 2 9 12 11 9 12 11 10 9 7 6 2 1 1 4 4 0 1 2 0 0 1 0 0 0 0 0 0 0 0 0 0 0 0 10 9 22 19 11 14 9 2 1 4 10 24 33 30 41 37 26 40 24 34 32 39 49 59 59 56 66 50 53 49 57 65 57
23 24 19 16 29 38 51 54 68 58 63 84 48 50 54 60 83 94 95 80 69 84 119 87 87 81 59 41 46 64 75 78 110 121 108 71 62 66 88 111 110 103 90 70 67 69 101 116 104 81 74 48 57 42 25 18 20 22 17 13 4 5 4 8 6 14 11 9 14 12 6 2 0 1 2 0 0 0 0 2 1 0 0 0 0 1 0 0 0 0 0 0 0 0 1 7 21 19 13 17 15 5 2 12 14 35 38 33 37 32 21 23 27 26 26 31 42 35 50 46 34 56 48 40 52 54 40 53
80 71 65 111 103 60 59 75 77 83 39 70 73 53 38 90 111 84 63 102 72 76 86 90 75 59 76 102 118 116 111 105 105 114 91 74 79 73 104 112 115 111 90 67 112 147 144 124 113 92 68 53 51 53 25 29 35 41 40 36 16 9 4 9 11 4 14 11 11 14 6 7 3 -1 0 0 10 6 -1 0 3 1 2 3 1 1 0 0 0 0 0 0 0 -1 8 19 20 22 22 20 13 12 13 24 30 43 39 26 31 18 17 13 20 22 25 22 31 32 35 32 27 45 49 31 36 46 29 26
71 69 56 57 71 44 49 51 62 73 51 56 56 27 32 53 101 113 65 49 54 42 54 86 71 99 108 125 125 117 116 110 101 106 68 81 142 126 106 103 152 131 106 69 58 80 80 86 83 77 72 60 47 43 39 42 45 60 47 36 15 13 16 15 11 4 5 9 9 9 6 6 0 1 0 0 2 1 3 0 1 0 1 0 1 0 0 3 0 0 0 1 0 1 15 25 24 16 17 15 22 26 22 22 24 19 28 25 22 17 5 8 20 19 9 18 24 24 28 28 31 32 33 33 28 25 40 23
73 43 38 36 59 88 124 127 132 110 64 34 32 34 26 48 97 75 53 47 46 37 55 71 86 108 87 73 81 114 117 116 129 85 64 137 152 126 69 77 106 157 140 49 40 47 46 28 47 56 59 87 96 54 44 42 39 53 67 43 17 41 68 25 18 13 13 10 6 12 4 0 1 3 1 0 0 2 3 2 1 2 3 6 1 0 0 0 1 0 0 2 0 10 21 22 17 21 25 23 27 19 17 25 16 16 25 19 5 7 12 16 19 13 7 8 13 19 21 18 28 36 28 23 30 32 30 32
71 33 22 32 40 44 83 102 98 86 67 73 73 56 39 41 73 82 60 60 44 44 38 21 28 64 72 71 97 129 135 110 65 48 52 77 119 121 115 91 87 77 48 61 65 98 92 56 35 30 31 38 25 13 68 67 51 45 52 48 32 33 42 33 36 25 11 5 12 13 8 0 4 1 0 0 0 0 0 2 1 2 1 0 0 0 0 1 0 0 1 0 1 8 16 9 16 15 24 24 28 29 25 20 19 26 15 4 17 15 12 15 13 13 6 6 9 17 30 17 25 35 24 15 18 30 19 20
27 30 40 39 41 47 51 45 38 35 44 49 52 47 41 64 86 127 130 118 95 109 125 63 62 51 55 62 47 61 143 164 158 121 90 74 119 117 105 133 153 156 115 111 49 80 132 98 77 75 60 75 68 93 114 43 52 51 55 46 24 30 21 20 34 20 10 11 16 11 9 -1 1 0 1 0 0 3 0 2 2 0 0 1 3 1 3 1 0 1 0 0 3 11 12 14 14 14 19 28 28 34 47 34 32 19 12 13 14 13 10 7 4 25 14 4 7 17 15 13 15 24 34 11 16 23 17 21
97 106 109 103 59 54 41 53 71 67 50 59 76 81 63 61 101 135 137 106 89 76 132 149 114 67 59 54 52 40 18 20 34 59 76 117 132 86 100 142 180 184 140 94 81 90 45 66 93 77 101 116 114 144 61 39 74 97 76 45 49 51 35 40 65 51 37 19 11 13 10 8 2 0 2 2 0 0 1 1 0 0 1 0 0 1 1 0 0 0 0 0 1 3 7 8 6 12 17 22 25 28 36 28 24 16 19 22 18 20 10 8 14 17 13 1 10 20 15 10 14 21 26 21 15 28 27 23
135 127 109 107 76 103 111 118 102 64 45 42 46 42 43 71 122 104 84 92 104 76 51 73 99 89 133 145 85 43 69 81 69 54 53 98 115 137 151 134 128 124 156 75 21 77 136 147 100 101 77 82 56 43 63 65 87 87 74 72 69 71 80 69 104 77 69 69 43 46 24 9 1 1 2 0 1 0 0 0 0 0 1 0 0 0 0 0 1 0 0 0 0 2 8 6 14 12 24 29 35 32 25 31 27 32 16 14 24 12 12 19 10 15 13 7 15 4 5 5 8 18 30 29 19 27 35 32
129 140 123 96 78 122 125 138 121 69 54 56 47 42 36 46 56 64 84 134 119 58 67 123 124 68 80 113 105 83 76 112 85 61 58 103 100 98 131 170 211 160 150 168 153 176 223 207 175 131 92 100 141 97 101 168 166 165 162 126 87 114 125 125 171 76 47 41 35 36 25 31 20 4 1 6 1 0 0 0 1 2 0 1 1 1 1 0 0 5 2 0 0 0 1 14 21 21 25 29 31 33 32 34 24 22 23 25 16 16 27 23 13 8 8 11 17 4 11 8 12 16 15 30 20 26 25 28
62 54 59 60 112 120 91 118 120 104 92 61 37 38 49 51 51 58 70 66 72 112 115 91 87 77 97 93 76 85 88 113 107 93 71 59 48 86 189 154 82 139 109 56 76 115 142 103 88 133 111 69 56 103 200 139 184 172 152 125 102 81 61 77 188 108 71 67 80 107 104 81 26 15 9 8 2 1 1 0 1 3 3 0 3 2 0 0 0 1 0 0 0 -1 9 17 18 30 32 42 39 27 19 22 17 21 29 21 27 32 23 9 5 8 3 5 14 12 15 19 15 16 22 22 18 24 25 22
65 69 75 71 67 64 48 44 65 63 41 39 50 74 81 77 61 58 52 32 28 77 111 51 47 106 136 135 108 81 76 91 122 98 94 103 50 76 83 139 151 116 136 81 48 59 90 166 128 120 187 220 220 154 120 48 57 40 64 105 94 106 64 134 183 141 140 94 73 136 153 115 50 25 16 15 5 0 0 2 0 2 1 4 7 3 1 1 1 1 0 0 0 3 12 15 8 20 30 34 17 17 49 23 30 32 30 29 37 37 29 15 6 5 9 4 13 18 28 21 19 19 20 19 24 18 17 33
64 82 82 60 57 52 33 29 39 85 81 52 29 21 23 20 11 20 21 25 32 65 91 82 86 112 57 62 53 39 45 41 41 51 102 82 36 40 79 147 177 134 91 82 42 30 77 59 117 180 124 95 115 190 183 191 181 198 192 172 105 47 48 149 88 72 121 109 57 68 148 150 104 64 62 28 11 12 1 1 3 1 2 0 1 5 5 2 2 0 0 1 1 1 -2 15 28 27 21 15 20 29 14 21 25 33 34 33 29 41 26 23 16 25 18 15 9 16 29 15 17 33 28 18 31 16 20 11
88 91 75 41 43 83 105 96 62 53 52 37 22 17 21 28 32 53 30 24 46 67 93 112 90 115 55 69 60 43 64 53 72 121 160 146 80 64 94 143 152 116 100 95 18 18 32 10 7 3 3 7 14 56 116 135 200 178 100 132 153 165 148 137 134 130 112 113 119 128 129 118 127 132 90 43 25 15 6 1 4 1 1 1 3 2 3 1 0 5 0 3 0 0 8 15 11 19 13 14 16 13 19 30 39 42 34 29 37 34 23 28 10 29 21 18 18 18 24 16 21 29 27 16 29 24 20 24
103 129 109 106 113 123 114 74 45 40 46 22 21 18 19 24 21 28 37 27 30 57 73 90 123 127 63 48 51 35 35 48 79 124 176 179 143 130 125 89 61 47 57 54 32 13 -3 3 3 3 15 19 26 67 48 10 19 32 23 11 56 73 59 109 207 186 171 165 197 187 180 185 162 145 81 82 74 60 30 11 4 2 4 1 1 1 3 2 0 2 2 2 1 0 0 6 14 6 7 13 2 11 14 41 39 31 30 30 40 25 28 17 20 22 29 24 17 22 28 22 14 27 29 16 26 29 27 18
132 127 79 88 126 130 111 82 70 64 47 31 29 30 25 28 37 40 80 97 70 48 53 59 82 140 126 105 73 61 60 50 56 84 140 139 130 136 117 85 112 125 130 121 89 26 24 30 16 44 46 51 93 127 68 48 19 24 10 -1 0 5 24 14 16 22 59 126 90 42 51 71 101 131 128 115 110 91 56 28 14 6 1 2 0 2 0 0 4 4 0 1 0 3 2 1 1 3 4 3 2 8 32 38 31 25 18 32 26 23 26 24 27 23 34 24 25 13 20 19 26 18 21 23 21 29 17 14
107 103 72 64 75 61 52 53 51 43 35 23 29 43 57 62 56 47 49 60 64 78 68 67 86 83 143 140 108 87 48 46 65 126 158 143 154 174 150 138 151 133 129 140 96 35 61 71 52 31 23 28 50 33 30 74 40 13 18 53 88 122 67 6 9 12 12 76 88 26 21 35 29 17 61 100 85 91 85 62 35 19 3 2 0 0 0 1 1 -1 1 0 0 1 6 1 1 3 0 0 3 1 9 22 21 16 22 37 30 38 28 30 31 33 28 23 25 17 17 22 19 22 16 14 9 12 19 19
47 50 89 116 75 88 88 115 112 101 68 93 100 114 144 146 131 108 86 82 69 72 89 98 102 133 123 130 97 61 42 33 42 69 114 134 127 109 79 53 54 56 64 98 66 18 31 44 40 42 21 32 35 11 54 103 56 38 53 57 70 76 77 32 30 56 56 94 143 105 82 114 105 138 192 163 124 95 78 104 78 40 15 5 1 0 0 0 0 1 1 2 0 0 5 0 1 0 1 1 1 1 0 12 10 19 33 38 47 34 36 53 29 33 35 25 23 21 18 28 25 14 19 11 6 14 6 11
50 39 68 71 71 146 118 154 211 180 80 129 169 184 156 150 155 125 93 96 108 130 121 98 65 87 116 94 73 66 49 53 68 52 58 76 90 103 102 124 133 123 111 120 82 57 58 128 42 28 53 63 34 20 78 127 134 127 93 63 59 61 66 46 36 72 71 68 109 97 56 57 68 84 165 167 115 56 56 92 136 112 50 19 12 2 3 2 1 1 0 -1 2 0 0 0 0 0 0 1 0 0 0 -1 12 24 30 42 36 38 64 39 25 39 37 30 23 32 26 34 21 14 19 15 7 9 10 2
81 49 59 120 168 137 145 152 155 121 59 81 75 103 122 149 167 170 129 94 89 81 108 101 99 95 116 115 99 92 56 76 126 90 61 85 97 99 78 123 140 143 129 91 143 157 162 140 72 105 119 83 58 95 69 64 87 76 91 116 108 90 145 128 60 94 87 100 115 72 101 132 85 79 67 59 62 70 55 80 119 114 89 77 44 21 9 1 0 0 0 0 0 0 0 1 1 0 0 -1 2 0 1 11 14 26 23 36 34 61 60 37 31 43 26 25 36 25 33 35 23 7 20 24 8 9 15 12
117 93 95 72 113 123 125 101 70 62 86 83 71 109 111 112 153 165 172 129 101 101 71 63 76 123 155 151 123 85 51 63 105 104 63 80 73 106 128 114 97 74 90 124 157 150 139 96 61 58 79 152 148 114 119 120 89 81 132 149 144 141 91 47 31 62 127 135 106 95 125 131 100 79 40 43 81 111 129 117 136 155 155 148 109 28 9 4 3 0 0 0 1 1 0 1 0 1 0 1 0 1 0 10 3 11 23 29 52 69 55 33 43 46 27 21 33 23 16 27 26 9 9 26 18 14 12 20
130 114 124 99 110 70 141 142 81 54 84 70 98 144 163 132 103 125 156 162 131 118 87 55 59 87 108 129 142 125 91 112 125 143 69 90 117 127 104 74 77 90 91 58 56 78 109 103 87 135 156 161 146 94 69 74 123 142 135 96 89 80 35 57 87 100 137 163 149 127 146 145 103 92 102 117 115 107 125 99 73 119 136 147 131 72 54 26 12 8 1 0 0 0 0 3 1 0 2 3 3 2 0 2 2 9 17 39 71 53 47 34 36 44 24 19 37 21 12 9 22 20 9 15 16 15 8 4
137 144 95 56 67 72 148 176 97 70 94 66 62 90 127 123 129 121 98 103 84 125 114 73 66 60 61 62 55 38 34 86 98 72 51 73 94 96 83 65 70 61 52 39 57 90 122 94 66 114 150 165 156 94 54 54 59 86 98 79 70 49 37 41 64 99 117 118 92 77 78 71 81 73 158 184 166 172 156 120 112 130 118 79 87 121 145 93 48 47 26 1 2 0 1 0 0 0 1 8 0 9 2 3 2 12 27 48 58 47 50 42 44 41 24 20 37 35 15 11 13 18 15 6 8 5 17 8
169 137 68 67 95 63 137 138 65 110 108 60 66 117 126 141 115 111 131 160 142 97 116 107 103 42 17 17 8 14 15 29 41 37 48 74 89 93 132 101 64 119 97 101 105 87 74 69 64 65 72 70 58 33 60 66 99 95 79 74 76 89 51 28 45 70 80 86 103 81 63 56 80 93 183 205 209 189 110 122 140 165 199 146 56 73 106 107 49 15 14 8 4 0 0 2 1 1 2 2 0 7 5 1 8 18 32 43 50 42 57 49 42 41 27 18 26 27 22 16 14 6 17 15 2 3 4 14
117 107 64 94 181 132 116 123 72 122 122 66 87 128 120 130 121 116 89 77 61 54 93 93 101 74 95 77 48 56 101 82 55 32 40 74 107 99 99 112 117 131 100 109 102 106 104 93 101 113 90 77 58 26 26 17 16 9 16 33 60 96 76 67 162 166 78 62 71 55 88 111 60 51 100 156 181 190 142 41 35 102 149 144 88 141 165 111 44 24 42 42 19 9 3 0 3 0 0 6 1 1 3 5 12 28 42 36 50 54 54 39 43 38 34 24 23 17 23 23 20 3 1 19 15 10 7 13
74 72 51 79 81 61 105 101 60 118 126 54 162 199 124 124 149 160 156 137 57 40 64 68 60 82 124 156 155 111 123 145 172 176 170 144 136 115 148 136 90 71 90 105 67 126 119 68 33 27 54 80 79 73 49 44 46 56 78 79 106 127 121 104 73 84 101 105 84 84 47 45 103 73 111 116 120 103 76 57 76 88 50 67 69 54 111 130 138 157 141 109 44 65 28 0 0 1 1 3 0 2 1 11 15 21 21 35 55 51 42 40 54 37 34 32 25 25 21 22 15 12 6 7 8 7 6 9
91 65 57 103 105 139 133 59 44 48 62 58 61 109 94 106 150 153 150 134 70 69 74 111 100 122 95 103 88 106 133 109 79 79 86 122 131 85 78 47 27 38 60 69 107 127 96 135 105 76 48 69 97 115 58 135 140 110 133 137 102 108 90 75 54 45 48 37 42 39 63 45 29 39 30 40 53 67 94 102 48 39 64 74 61 41 62 54 26 18 12 6 15 51 64 14 0 1 1 0 2 0 0 1 14 24 35 47 53 53 54 48 46 48 42 37 23 33 23 14 16 13 6 7 9 11 6 5
126 59 53 45 77 87 110 98 54 37 38 50 38 77 92 100 67 117 148 125 72 53 42 57 100 135 84 101 81 56 62 109 113 101 83 132 132 80 72 71 66 54 49 40 73 90 120 118 81 71 61 118 146 139 70 28 30 71 96 98 111 82 47 47 44 34 44 52 76 91 138 153 136 38 13 6 34 88 116 101 49 40 59 77 97 78 76 93 59 57 72 89 141 74 18 12 6 0 0 0 0 1 0 4 12 16 26 44 44 39 45 42 60 50 49 33 26 25 22 8 18 12 4 4 0 10 14 16
83 56 91 118 69 130 185 120 54 75 89 88 38 59 66 75 113 117 56 42 45 64 156 154 70 55 44 44 41 50 58 128 96 117 73 93 69 90 149 122 72 55 58 61 145 159 146 137 108 71 53 99 92 75 75 55 59 66 87 100 84 104 72 64 49 28 34 57 59 67 103 100 125 43 23 15 22 39 39 34 23 18 29 32 48 63 50 102 82 40 93 132 81 37 27 19 17 3 0 0 0 0 0 1 4 14 25 26 31 54 44 36 57 55 48 29 28 23 19 14 14 4 10 2 3 0 6 9
52 58 109 191 119 176 85 43 33 55 69 37 37 41 44 52 54 109 103 76 71 78 49 83 122 53 74 100 64 55 104 145 154 133 54 49 65 60 82 74 66 76 98 94 75 94 116 138 118 45 58 39 53 38 51 71 47 33 44 22 49 62 76 78 78 46 28 31 44 60 69 68 44 44 45 41 34 31 16 12 21 17 19 24 16 27 22 39 30 27 129 166 107 28 20 21 18 13 0 0 0 0 2 0 0 3 14 25 38 32 35 48 49 68 38 26 37 34 16 25 16 9 0 1 0 2 2 10
78 63 123 117 91 57 50 61 56 58 104 48 25 28 43 62 62 103 120 83 57 31 56 41 57 37 116 99 62 44 64 96 167 160 107 81 46 65 71 46 63 64 70 75 43 79 117 80 68 97 80 44 60 61 25 33 40 60 58 59 42 69 51 40 38 41 66 56 60 92 72 93 156 154 121 50 32 29 42 64 45 14 10 35 112 141 79 23 44 42 29 67 63 43 46 55 41 11 2 1 0 0 2 0 0 3 13 26 26 41 46 45 44 60 41 30 34 33 21 18 15 10 13 0 13 5 1 2
80 68 139 138 102 106 88 70 90 92 69 71 54 53 51 66 69 61 79 79 67 69 69 75 88 71 78 73 57 64 54 61 71 85 64 55 49 72 64 60 56 41 50 74 53 80 75 111 65 63 58 46 39 41 51 59 59 33 37 100 120 94 73 38 46 33 44 45 51 75 77 66 147 74 56 52 44 39 32 33 26 17 35 43 33 53 61 29 44 52 47 51 56 49 20 15 38 11 0 0 1 1 0 0 0 11 15 28 28 43 52 43 46 64 44 29 25 29 28 17 21 15 23 7 8 4 15 1
68 81 156 124 63 79 79 69 77 55 108 121 121 115 86 99 102 125 136 93 101 110 98 73 72 88 109 105 54 51 105 78 43 58 71 125 68 50 42 51 48 60 79 42 40 25 60 60 98 141 106 73 61 76 58 66 113 71 56 57 67 59 44 69 106 54 27 33 69 78 67 57 156 147 115 54 13 31 22 7 13 19 71 57 63 109 140 129 46 38 60 67 85 78 52 68 11 0 0 1 2 4 2 2 1 12 21 24 30 28 32 34 35 62 53 28 20 22 21 15 12 11 7 23 16 10 17 16
47 86 97 58 61 87 74 83 143 176 207 113 92 99 102 110 107 84 113 110 138 168 165 135 123 135 180 119 33 38 88 135 114 80 41 79 127 53 65 59 101 50 49 112 76 119 123 130 105 146 145 129 91 148 80 27 30 34 48 64 86 64 50 52 121 104 44 68 67 56 39 46 117 89 53 47 2 20 27 23 9 20 32 60 93 67 92 112 54 87 87 84 84 72 73 26 8 1 2 5 7 1 3 2 10 13 16 25 23 26 24 26 50 53 40 31 19 19 15 15 6 4 6 15 13 25 6 8
113 99 122 74 75 92 109 78 83 129 132 122 116 109 72 75 198 182 69 37 110 89 81 86 74 36 29 44 27 29 8 26 46 55 87 90 145 73 90 104 75 38 72 97 95 150 129 98 98 120 121 105 62 114 120 31 38 41 34 47 57 80 53 61 62 50 32 36 55 141 150 109 61 41 33 25 2 9 20 30 51 14 24 39 28 49 81 38 50 83 63 36 29 35 37 23 24 15 14 66 11 2 1 4 12 19 16 22 31 34 24 39 62 46 49 25 19 20 4 8 10 3 0 13 6 0 14 17
126 101 60 53 53 112 112 120 103 75 17 64 28 18 15 10 16 67 114 181 181 121 116 61 47 69 77 74 106 153 187 162 135 117 131 127 169 92 135 77 92 41 44 54 156 190 148 131 166 171 150 117 145 200 46 55 29 30 40 36 36 36 39 48 36 87 80 77 49 43 43 37 29 45 57 40 108 127 64 87 68 51 82 98 31 12 14 12 20 21 11 1 7 3 21 15 9 29 160 125 20 17 21 18 21 12 21 17 39 23 35 48 80 41 39 25 18 30 13 10 9 4 12 13 8 8 9 8
205 127 95 159 106 68 80 119 85 37 31 80 63 62 140 103 47 121 109 208 161 119 89 68 58 79 65 105 77 39 23 87 208 89 103 112 77 41 91 54 45 37 54 89 129 112 91 168 101 110 145 134 199 128 130 98 63 60 79 92 96 104 87 47 34 46 36 24 35 43 59 69 71 67 65 116 120 57 43 77 114 73 69 49 24 15 29 52 5 1 0 0 0 1 6 1 0 92 150 55 1 0 0 0 1 1 10 28 35 41 39 59 71 35 26 21 8 18 5 1 8 10 0 3 15 21 8 0
185 198 100 146 111 126 54 84 187 174 125 89 52 24 52 132 175 198 113 192 182 144 161 131 113 113 99 68 58 50 51 49 205 182 32 20 33 45 68 87 81 116 122 121 114 127 109 106 135 203 227 147 184 107 113 102 87 57 56 115 73 76 101 40 63 34 47 64 82 89 148 94 46 71 75 47 82 78 86 78 65 73 79 44 20 11 40 21 -1 0 1 1 1 0 2 2 1 20 67 -2 1 0 0 0 0 0 3 12 25 42 60 65 60 35 37 24 5 13 15 1 7 7 15 13 13 1 21 16
131 171 118 81 84 99 150 179 121 86 136 126 128 116 128 138 184 188 180 149 173 123 132 124 31 47 50 66 95 127 166 165 117 205 223 157 77 103 112 132 104 49 54 49 86 68 74 86 61 85 36 34 51 74 73 36 11 30 30 41 91 82 55 43 82 67 40 39 67 96 57 25 12 39 53 45 48 71 69 115 150 95 55 35 36 25 46 32 1 9 12 8 11 5 -1 3 2 53 90 -1 0 18 6 0 0 0 6 11 31 41 70 71 51 22 34 18 16 18 13 14 7 15 13 9 14 15 22 12