 0 
 0 
 0 
 0 
 1 
 0 
 0 
 1 
 0 
 1 
 0 
 1 
 2 
 1 
 1 
 0 
 5 
 17 
 58 
 65 
 56 
 69 
 59 
 74 
 64 
 80 
 78 
 68 
 80 
 77 
 110 
 100 
 106 
 108 
 141 
 130 
 139 
 167 
 165 
 182 
 195 
 191 
 181 
 191 
 211 
 223 
 275 
 296 
 312 
 374 
 378 
 406 
 409 
 443 
 439 
 468 
 489 
 480 
 529 
 487 
 486 
 483 
 473 
 505 
 489 
 472 
 457 
 459 
 476 
 384 
 421 
 433 
 403 
 416 
 397 
 388 
 390 
 375 
 449 
 411 
 397 
 400 
 413 
 416 
 420 
 429 
 399 
 399 
 427 
 436 
 449 
 456 
 442 
 433 
 425 
 473 
 444 
 454 
 456 
 445 
 451 
 491 
 491 
 508 
 465 
 497 
 466 
 482 
 487 
 473 
 474 
 446 
 483 
 457 
 483 
 415 
 488 
 495 
 467 
 496 
 492 
 504 
 527 
 490 
 524 
 501 
 538 
 527 
 525 
 561 
 560 
 570 
 528 
 509 
 532 
 508 
 491 
 507 
 491 
 469 
 486 
 405 
 423 
 435 
 415 
 421 
 407 
 465 
 394 
 436 
 386 
 400 
 396 
 343 
 403 
 363 
 388 
 356 
 384 
 364 
 326 
 363 
 309 
 334 
 296 
 279 
 309 
 297 
 291 
 317 
 247 
 259 
 264 
 216 
 222 
 233 
 231 
 203 
 207 
 221 
 208 
 216 
 209 
 189 
 178 
 191 
 171 
 186 
 138 
 147 
 165 
 135 
 127 
 137 
 137 
 120 
 116 
 123 
 104 
 112 
 102 
 97 
 105 
 95 
 97 
 94 
 91 
 63 
 81 
 72 
 75 
 79 
 61 
 61 
 62 
 73 
 69 
 61 
 52 
 42 
 56 
 48 
 51 
 40 
 53 
 43 
 40 
 38 
 36 
 42 
 40 
 28 
 35 
 32 
 19 
 39 
 24 
 24 
 26 
 29 
 17 
 16 
 27 
 28 
 15 
 12 
 16 
 14 
 15 
 12 
 11 
 12 
 15 
 10 
 6 
 0 
