 525 
 561 
 560 
 570 
 529 
 509 
 532 
 509 
 491 
 508 
 491 
 470 
 488 
 406 
 424 
 435 
 420 
 438 
 465 
 530 
 450 
 505 
 445 
 474 
 460 
 423 
 481 
 431 
 468 
 433 
 494 
 464 
 432 
 471 
 450 
 464 
 435 
 446 
 474 
 479 
 486 
 508 
 428 
 450 
 475 
 439 
 497 
 529 
 543 
 577 
 585 
 627 
 617 
 659 
 648 
 657 
 667 
 671 
 700 
 673 
 624 
 630 
 638 
 640 
 616 
 609 
 594 
 579 
 592 
 507 
 525 
 545 
 505 
 513 
 502 
 483 
 487 
 469 
 540 
 474 
 478 
 472 
 488 
 495 
 481 
 490 
 461 
 472 
 496 
 497 
 501 
 498 
 498 
 481 
 476 
 513 
 497 
 497 
 496 
 483 
 487 
 533 
 531 
 536 
 500 
 529 
 485 
 521 
 511 
 497 
 500 
 475 
 500 
 473 
 510 
 443 
 503 
 507 
 483 
 510 
 507 
 516 
 538 
 502 
 539 
 511 
 544 
 527 
 0 
 0 
 0 
 0 
 0 
 0 
 0 
 0 
 0 
 0 
 0 
 0 
 0 
 0 
 0 
 0 
 0 
 0 
 0 
 0 
 0 
 0 
 0 
 0 
 0 
 0 
 0 
 0 
 0 
 0 
 0 
 0 
 0 
 0 
 0 
 0 
 0 
 0 
 0 
 0 
 0 
 0 
 0 
 0 
 0 
 0 
 0 
 0 
 0 
 0 
 0 
 0 
 0 
 0 
 0 
 0 
 0 
 0 
 0 
 0 
 0 
 0 
 0 
 0 
 0 
 0 
 0 
 0 
 0 
 0 
 0 
 0 
 0 
 0 
 0 
 0 
 0 
 0 
 0 
 0 
 0 
 0 
 0 
 0 
 0 
 0 
 0 
 0 
 0 
 0 
 0 
 0 
 0 
 0 
 0 
 0 
 0 
 0 
 0 
 0 
 0 
 0 
 0 
 0 
 0 
 0 
 0 
 0 
 0 
 0 
 0 
 0 
 0 
 0 
 0 
 0 
 0 
 0 
 0 
 0 
 0 
 0 
 0 
 0 
 0 
 0 
 0 
 0 
