 14908 
 2073 
 1509 
 1473 
 1416 
 1080 
 902 
 804 
 687 
 652 
 582 
 534 
 563 
 544 
 526 
 503 
 491 
 452 
 471 
 469 
 411 
 346 
 424 
 353 
 354 
 368 
 350 
 321 
 291 
 325 
 275 
 285 
 267 
 278 
 218 
 231 
 215 
 226 
 193 
 244 
 198 
 217 
 221 
 239 
 193 
 211 
 210 
 196 
 217 
 188 
 170 
 203 
 193 
 197 
 209 
 221 
 175 
 204 
 212 
 256 
 273 
 273 
 371 
 351 
 442 
 460 
 458 
 447 
 453 
 462 
 434 
 337 
 382 
 333 
 296 
 335 
 309 
 292 
 271 
 261 
 260 
 263 
 228 
 231 
 206 
 226 
 231 
 248 
 246 
 231 
 243 
 245 
 253 
 240 
 193 
 204 
 196 
 218 
 667 
 216 
 238 
 230 
 228 
 235 
 246 
 218 
 266 
 268 
 311 
 336 
 318 
 361 
 335 
 346 
 360 
 362 
 360 
 383 
 415 
 435 
 573 
 718 
 815 
 869 
 851 
 821 
 777 
 832 
 0 
 0 
 0 
 0 
 0 
 0 
 0 
 0 
 0 
 0 
 0 
 0 
 0 
 0 
 0 
 0 
 0 
 0 
 0 
 0 
 0 
 0 
 0 
 0 
 0 
 0 
 0 
 0 
 0 
 0 
 0 
 0 
 0 
 0 
 0 
 0 
 0 
 0 
 0 
 0 
 0 
 0 
 0 
 0 
 0 
 0 
 0 
 0 
 0 
 0 
 0 
 0 
 0 
 0 
 0 
 0 
 0 
 0 
 0 
 0 
 0 
 0 
 0 
 0 
 0 
 0 
 0 
 0 
 0 
 0 
 0 
 0 
 0 
 0 
 0 
 0 
 0 
 0 
 0 
 0 
 0 
 0 
 0 
 0 
 0 
 0 
 0 
 0 
 0 
 0 
 0 
 0 
 0 
 0 
 0 
 0 
 0 
 0 
 0 
 0 
 0 
 0 
 0 
 0 
 0 
 0 
 0 
 0 
 0 
 0 
 0 
 0 
 0 
 0 
 0 
 0 
 0 
 0 
 0 
 0 
 0 
 0 
 0 
 0 
 0 
 0 
 0 
 0 
