 14017 
 1167 
 605 
 665 
 623 
 418 
 297 
 199 
 168 
 144 
 125 
 136 
 138 
 139 
 159 
 178 
 181 
 201 
 190 
 205 
 186 
 172 
 190 
 153 
 159 
 178 
 166 
 177 
 134 
 152 
 145 
 139 
 122 
 136 
 106 
 132 
 107 
 124 
 110 
 149 
 107 
 121 
 147 
 160 
 116 
 126 
 135 
 120 
 126 
 133 
 118 
 136 
 135 
 136 
 157 
 162 
 132 
 158 
 160 
 195 
 227 
 235 
 327 
 316 
 409 
 424 
 415 
 413 
 421 
 423 
 392 
 311 
 355 
 308 
 270 
 310 
 273 
 267 
 231 
 234 
 221 
 240 
 206 
 199 
 180 
 198 
 205 
 219 
 222 
 211 
 220 
 232 
 232 
 216 
 176 
 185 
 176 
 207 
 192 
 212 
 233 
 225 
 223 
 233 
 241 
 214 
 262 
 264 
 305 
 334 
 311 
 351 
 324 
 335 
 345 
 338 
 340 
 371 
 407 
 429 
 572 
 714 
 814 
 869 
 850 
 821 
 777 
 832 
 891 
 906 
 904 
 808 
 793 
 662 
 605 
 605 
 519 
 508 
 457 
 398 
 425 
 405 
 367 
 325 
 310 
 251 
 281 
 264 
 225 
 174 
 234 
 200 
 195 
 190 
 184 
 144 
 157 
 173 
 130 
 146 
 145 
 142 
 112 
 99 
 108 
 102 
 83 
 95 
 91 
 96 
 74 
 79 
 77 
 85 
 75 
 76 
 91 
 55 
 52 
 67 
 58 
 61 
 52 
 59 
 43 
 46 
 52 
 61 
 46 
 38 
 44 
 35 
 33 
 36 
 43 
 34 
 32 
 39 
 42 
 26 
 27 
 25 
 26 
 25 
 36 
 25 
 40 
 27 
 39 
 23 
 22 
 32 
 26 
 28 
 26 
 29 
 24 
 20 
 23 
 13 
 21 
 24 
 17 
 19 
 20 
 11 
 475 
 4 
 5 
 5 
 5 
 2 
 5 
 4 
 4 
 4 
 6 
 2 
 7 
 10 
 11 
 11 
 15 
 24 
 20 
 12 
 8 
 6 
 1 
 4 
 1 
 0 
 1 
 0 
 0 
 0 
