 240 
 231 
 239 
 248 
 232 
 220 
 242 
 238 
 273 
 259 
 273 
 272 
 266 
 258 
 256 
 267 
 267 
 252 
 268 
 262 
 255 
 258 
 281 
 306 
 279 
 277 
 319 
 337 
 331 
 318 
 331 
 342 
 367 
 347 
 379 
 385 
 404 
 401 
 430 
 460 
 424 
 437 
 446 
 446 
 432 
 457 
 407 
 444 
 434 
 375 
 372 
 390 
 416 
 432 
 385 
 393 
 407 
 413 
 441 
 447 
 436 
 446 
 447 
 458 
 462 
 433 
 445 
 450 
 433 
 442 
 453 
 448 
 425 
 474 
 439 
 419 
 429 
 432 
 443 
 467 
 443 
 433 
 418 
 468 
 459 
 444 
 422 
 444 
 462 
 446 
 407 
 401 
 413 
 444 
 428 
 454 
 446 
 395 
 385 
 433 
 405 
 424 
 395 
 406 
 416 
 401 
 376 
 367 
 381 
 416 
 393 
 372 
 407 
 409 
 398 
 511 
 455 
 431 
 499 
 431 
 398 
 474 
 437 
 423 
 491 
 385 
 355 
 16486 
 0 
 0 
 0 
 0 
 0 
 0 
 0 
 0 
 0 
 0 
 0 
 0 
 0 
 0 
 0 
 0 
 0 
 0 
 0 
 0 
 0 
 0 
 0 
 0 
 0 
 0 
 0 
 0 
 0 
 0 
 0 
 0 
 0 
 0 
 0 
 0 
 0 
 0 
 0 
 0 
 0 
 0 
 0 
 0 
 0 
 0 
 0 
 0 
 0 
 0 
 0 
 0 
 0 
 0 
 0 
 0 
 0 
 0 
 0 
 0 
 0 
 0 
 0 
 0 
 0 
 0 
 0 
 0 
 0 
 0 
 0 
 0 
 0 
 0 
 0 
 0 
 0 
 0 
 0 
 0 
 0 
 0 
 0 
 0 
 0 
 0 
 0 
 0 
 0 
 0 
 0 
 0 
 0 
 0 
 0 
 0 
 0 
 0 
 0 
 0 
 0 
 0 
 0 
 0 
 0 
 0 
 0 
 0 
 0 
 0 
 0 
 0 
 0 
 0 
 0 
 0 
 0 
 0 
 0 
 0 
 0 
 0 
 0 
 0 
 0 
 0 
 0 
 0 
