 24 
 16 
 32 
 45 
 33 
 37 
 37 
 37 
 51 
 71 
 58 
 51 
 53 
 68 
 64 
 76 
 56 
 55 
 74 
 83 
 72 
 76 
 78 
 92 
 103 
 95 
 93 
 111 
 117 
 111 
 131 
 147 
 152 
 150 
 166 
 175 
 177 
 205 
 223 
 232 
 208 
 238 
 242 
 246 
 243 
 261 
 195 
 251 
 227 
 188 
 196 
 188 
 210 
 211 
 196 
 192 
 196 
 218 
 242 
 237 
 227 
 252 
 237 
 250 
 242 
 240 
 239 
 245 
 244 
 244 
 258 
 221 
 239 
 256 
 230 
 206 
 225 
 244 
 234 
 243 
 249 
 233 
 238 
 269 
 246 
 252 
 246 
 268 
 261 
 245 
 229 
 220 
 236 
 265 
 241 
 252 
 226 
 220 
 197 
 235 
 233 
 239 
 232 
 243 
 226 
 229 
 224 
 203 
 227 
 239 
 229 
 209 
 202 
 215 
 217 
 233 
 225 
 207 
 203 
 221 
 215 
 202 
 217 
 215 
 203 
 205 
 217 
 221 
 216 
 215 
 207 
 203 
 199 
 183 
 205 
 201 
 222 
 188 
 215 
 221 
 213 
 190 
 192 
 191 
 211 
 197 
 194 
 179 
 183 
 182 
 203 
 214 
 176 
 182 
 226 
 226 
 214 
 207 
 200 
 195 
 215 
 197 
 213 
 210 
 227 
 196 
 207 
 228 
 216 
 199 
 204 
 200 
 189 
 196 
 212 
 193 
 207 
 187 
 176 
 202 
 206 
 221 
 189 
 201 
 211 
 195 
 199 
 210 
 209 
 194 
 210 
 208 
 220 
 193 
 206 
 205 
 189 
 198 
 195 
 227 
 186 
 218 
 209 
 213 
 204 
 188 
 209 
 224 
 194 
 200 
 180 
 199 
 213 
 192 
 176 
 176 
 201 
 201 
 178 
 181 
 177 
 179 
 187 
 202 
 220 
 175 
 188 
 198 
 172 
 185 
 163 
 163 
 190 
 172 
 152 
 164 
 154 
 177 
 164 
 163 
 205 
 194 
 181 
 278 
 230 
 224 
 296 
 210 
 183 
 272 
 220 
 208 
 288 
 180 
 138 
 16265 
