 658 
 692 
 709 
 623 
 636 
 640 
 604 
 500 
 517 
 439 
 444 
 398 
 376 
 343 
 287 
 294 
 231 
 268 
 226 
 185 
 206 
 192 
 168 
 164 
 170 
 164 
 139 
 139 
 119 
 138 
 129 
 119 
 160 
 130 
 124 
 157 
 160 
 169 
 190 
 268 
 307 
 362 
 399 
 466 
 530 
 651 
 753 
 839 
 862 
 982 
 980 
 1002 
 974 
 883 
 835 
 755 
 717 
 700 
 647 
 636 
 558 
 580 
 517 
 498 
 541 
 515 
 544 
 504 
 464 
 519 
 539 
 482 
 450 
 469 
 396 
 404 
 407 
 392 
 405 
 477 
 458 
 455 
 475 
 496 
 487 
 544 
 529 
 544 
 522 
 543 
 554 
 544 
 566 
 505 
 493 
 533 
 532 
 529 
 554 
 573 
 622 
 514 
 587 
 570 
 553 
 599 
 629 
 581 
 616 
 605 
 642 
 608 
 680 
 689 
 683 
 727 
 788 
 715 
 774 
 815 
 734 
 774 
 804 
 824 
 723 
 671 
 692 
 665 
 0 
 0 
 0 
 0 
 0 
 0 
 0 
 0 
 0 
 0 
 0 
 0 
 0 
 0 
 0 
 0 
 0 
 0 
 0 
 0 
 0 
 0 
 0 
 0 
 0 
 0 
 0 
 0 
 0 
 0 
 0 
 0 
 0 
 0 
 0 
 0 
 0 
 0 
 0 
 0 
 0 
 0 
 0 
 0 
 0 
 0 
 0 
 0 
 0 
 0 
 0 
 0 
 0 
 0 
 0 
 0 
 0 
 0 
 0 
 0 
 0 
 0 
 0 
 0 
 0 
 0 
 0 
 0 
 0 
 0 
 0 
 0 
 0 
 0 
 0 
 0 
 0 
 0 
 0 
 0 
 0 
 0 
 0 
 0 
 0 
 0 
 0 
 0 
 0 
 0 
 0 
 0 
 0 
 0 
 0 
 0 
 0 
 0 
 0 
 0 
 0 
 0 
 0 
 0 
 0 
 0 
 0 
 0 
 0 
 0 
 0 
 0 
 0 
 0 
 0 
 0 
 0 
 0 
 0 
 0 
 0 
 0 
 0 
 0 
 0 
 0 
 0 
 0 
