 782 
 770 
 645 
 647 
 561 
 498 
 359 
 535 
 515 
 405 
 463 
 481 
 402 
 407 
 510 
 424 
 397 
 362 
 282 
 271 
 264 
 224 
 266 
 241 
 305 
 325 
 264 
 209 
 194 
 207 
 247 
 308 
 320 
 321 
 333 
 309 
 291 
 359 
 343 
 291 
 256 
 182 
 177 
 207 
 245 
 249 
 232 
 222 
 194 
 229 
 235 
 255 
 252 
 212 
 215 
 262 
 278 
 268 
 254 
 260 
 241 
 252 
 254 
 241 
 213 
 175 
 178 
 234 
 214 
 187 
 193 
 171 
 173 
 160 
 137 
 110 
 80 
 71 
 48 
 39 
 30 
 20 
 28 
 22 
 31 
 29 
 26 
 24 
 48 
 46 
 68 
 74 
 111 
 171 
 249 
 228 
 326 
 461 
 611 
 647 
 715 
 703 
 802 
 842 
 908 
 883 
 924 
 938 
 987 
 1177 
 1282 
 1558 
 2036 
 2038 
 1747 
 1872 
 1910 
 1993 
 1889 
 1866 
 2023 
 2084 
 1795 
 1441 
 1353 
 1163 
 1001 
 964 
 0 
 0 
 0 
 0 
 0 
 0 
 0 
 0 
 0 
 0 
 0 
 0 
 0 
 0 
 0 
 0 
 0 
 0 
 0 
 0 
 0 
 0 
 0 
 0 
 0 
 0 
 0 
 0 
 0 
 0 
 0 
 0 
 0 
 0 
 0 
 0 
 0 
 0 
 0 
 0 
 0 
 0 
 0 
 0 
 0 
 0 
 0 
 0 
 0 
 0 
 0 
 0 
 0 
 0 
 0 
 0 
 0 
 0 
 0 
 0 
 0 
 0 
 0 
 0 
 0 
 0 
 0 
 0 
 0 
 0 
 0 
 0 
 0 
 0 
 0 
 0 
 0 
 0 
 0 
 0 
 0 
 0 
 0 
 0 
 0 
 0 
 0 
 0 
 0 
 0 
 0 
 0 
 0 
 0 
 0 
 0 
 0 
 0 
 0 
 0 
 0 
 0 
 0 
 0 
 0 
 0 
 0 
 0 
 0 
 0 
 0 
 0 
 0 
 0 
 0 
 0 
 0 
 0 
 0 
 0 
 0 
 0 
 0 
 0 
 0 
 0 
 0 
 0 
