 0 
 0 
 0 
 0 
 0 
 0 
 0 
 0 
 0 
 0 
 0 
 0 
 1 
 0 
 0 
 0 
 1 
 1 
 7 
 13 
 9 
 13 
 14 
 26 
 53 
 102 
 87 
 51 
 41 
 34 
 99 
 175 
 183 
 174 
 190 
 179 
 160 
 226 
 215 
 180 
 116 
 64 
 65 
 68 
 109 
 126 
 129 
 75 
 74 
 96 
 91 
 75 
 75 
 75 
 97 
 136 
 144 
 129 
 118 
 137 
 136 
 117 
 104 
 94 
 82 
 57 
 42 
 54 
 42 
 27 
 18 
 21 
 19 
 19 
 19 
 21 
 27 
 25 
 22 
 12 
 14 
 15 
 20 
 15 
 24 
 23 
 20 
 24 
 35 
 45 
 57 
 70 
 105 
 164 
 243 
 227 
 321 
 460 
 605 
 641 
 708 
 700 
 796 
 838 
 908 
 882 
 922 
 935 
 986 
 1174 
 1280 
 1555 
 2034 
 2034 
 1746 
 1872 
 1909 
 1991 
 1888 
 1865 
 2019 
 2084 
 1795 
 1439 
 1349 
 1160 
 994 
 916 
 782 
 770 
 645 
 647 
 561 
 498 
 359 
 535 
 515 
 405 
 463 
 481 
 401 
 407 
 510 
 424 
 396 
 361 
 275 
 258 
 255 
 211 
 252 
 215 
 252 
 223 
 177 
 158 
 153 
 173 
 148 
 133 
 137 
 147 
 143 
 130 
 131 
 133 
 128 
 111 
 140 
 118 
 112 
 139 
 136 
 123 
 103 
 147 
 120 
 133 
 144 
 180 
 177 
 137 
 118 
 126 
 134 
 139 
 136 
 123 
 105 
 135 
 150 
 147 
 131 
 118 
 136 
 180 
 172 
 160 
 175 
 150 
 154 
 141 
 118 
 89 
 53 
 46 
 26 
 27 
 16 
 5 
 8 
 7 
 7 
 6 
 6 
 0 
 13 
 1 
 11 
 4 
 6 
 7 
 6 
 1 
 5 
 1 
 6 
 6 
 7 
 3 
 6 
 4 
 0 
 1 
 2 
 3 
 1 
 3 
 2 
 3 
 2 
 4 
 1 
 0 
 1 
 2 
 1 
 1 
 4 
 0 
 0 
 2 
 4 
 3 
 7 
 48 
