 0 
 0 
 0 
 0 
 0 
 0 
 0 
 0 
 0 
 0 
 0 
 0 
 0 
 0 
 0 
 0 
 0 
 0 
 0 
 0 
 0 
 0 
 0 
 0 
 0 
 0 
 0 
 0 
 0 
 0 
 0 
 0 
 0 
 0 
 0 
 0 
 0 
 0 
 0 
 0 
 0 
 0 
 0 
 0 
 0 
 0 
 0 
 0 
 0 
 1 
 1 
 2 
 2 
 2 
 1 
 3 
 4 
 8 
 3 
 8 
 10 
 26 
 14 
 24 
 21 
 27 
 24 
 24 
 23 
 34 
 43 
 46 
 32 
 88 
 51 
 95 
 57 
 136 
 85 
 137 
 113 
 192 
 144 
 309 
 236 
 339 
 342 
 595 
 340 
 841 
 519 
 1044 
 553 
 1513 
 852 
 1084 
 1905 
 1817 
 1414 
 2564 
 1629 
 2058 
 1902 
 2448 
 1248 
 2594 
 1262 
 2186 
 940 
 2201 
 1048 
 1411 
 1507 
 1292 
 977 
 1490 
 879 
 1099 
 812 
 1110 
 506 
 1085 
 521 
 915 
 372 
 966 
 401 
 466 
 668 
 555 
 342 
 598 
 317 
 419 
 381 
 405 
 214 
 400 
 243 
 401 
 162 
 414 
 178 
 215 
 289 
 255 
 146 
 300 
 176 
 205 
 164 
 214 
 102 
 233 
 111 
 195 
 77 
 218 
 91 
 95 
 198 
 126 
 103 
 152 
 87 
 103 
 91 
 117 
 42 
 130 
 58 
 119 
 55 
 97 
 53 
 57 
 68 
 66 
 39 
 68 
 45 
 62 
 44 
 75 
 32 
 53 
 29 
 62 
 25 
 55 
 27 
 17 
 43 
 31 
 23 
 46 
 32 
 31 
 27 
 24 
 22 
 40 
 21 
 34 
 14 
 37 
 25 
 42 
 394 
 134 
 42 
 41 
 20 
 9 
 12 
 16 
 6 
 12 
 7 
 7 
 5 
 9 
 3 
 1 
 9 
 5 
 1 
 10 
 3 
 10 
 9 
 9 
 2 
 5 
 4 
 4 
 1 
 6 
 1 
 3 
 2 
 2 
 2 
 4 
 2 
 0 
 3 
 3 
 0 
 1 
 1 
 2 
 0 
 2 
 1 
 8 
