 668 
 555 
 342 
 598 
 317 
 419 
 381 
 405 
 214 
 400 
 243 
 401 
 162 
 414 
 178 
 215 
 289 
 255 
 146 
 300 
 176 
 205 
 164 
 214 
 102 
 233 
 111 
 195 
 77 
 218 
 91 
 95 
 198 
 126 
 103 
 152 
 87 
 103 
 91 
 117 
 42 
 130 
 58 
 119 
 55 
 97 
 53 
 57 
 68 
 67 
 40 
 70 
 47 
 64 
 45 
 78 
 36 
 61 
 32 
 70 
 35 
 81 
 41 
 41 
 64 
 58 
 47 
 70 
 55 
 65 
 70 
 70 
 54 
 128 
 72 
 129 
 71 
 173 
 110 
 179 
 507 
 326 
 186 
 350 
 256 
 348 
 354 
 611 
 346 
 853 
 526 
 1051 
 558 
 1522 
 855 
 1085 
 1914 
 1822 
 1415 
 2574 
 1632 
 2068 
 1911 
 2457 
 1250 
 2599 
 1266 
 2190 
 941 
 2207 
 1049 
 1414 
 1509 
 1294 
 979 
 1494 
 881 
 1099 
 815 
 1113 
 506 
 1086 
 522 
 917 
 372 
 968 
 402 
 474 
 0 
 0 
 0 
 0 
 0 
 0 
 0 
 0 
 0 
 0 
 0 
 0 
 0 
 0 
 0 
 0 
 0 
 0 
 0 
 0 
 0 
 0 
 0 
 0 
 0 
 0 
 0 
 0 
 0 
 0 
 0 
 0 
 0 
 0 
 0 
 0 
 0 
 0 
 0 
 0 
 0 
 0 
 0 
 0 
 0 
 0 
 0 
 0 
 0 
 0 
 0 
 0 
 0 
 0 
 0 
 0 
 0 
 0 
 0 
 0 
 0 
 0 
 0 
 0 
 0 
 0 
 0 
 0 
 0 
 0 
 0 
 0 
 0 
 0 
 0 
 0 
 0 
 0 
 0 
 0 
 0 
 0 
 0 
 0 
 0 
 0 
 0 
 0 
 0 
 0 
 0 
 0 
 0 
 0 
 0 
 0 
 0 
 0 
 0 
 0 
 0 
 0 
 0 
 0 
 0 
 0 
 0 
 0 
 0 
 0 
 0 
 0 
 0 
 0 
 0 
 0 
 0 
 0 
 0 
 0 
 0 
 0 
 0 
 0 
 0 
 0 
 0 
 0 
